1.3854831261498 0.0274840192804846
2.77096625229961 0.0358812776960676
4.15644937844941 0.0370511477003141
5.54193250459921 0.0369545018393806
6.92741563074902 0.0388797464759966
8.31289875689882 0.0412757944380883
9.69838188304863 0.0440724862176207
11.0838650091984 0.0479477996491535
12.4693481353482 0.0518389679827429
13.854831261498 0.0555771815911255
15.2403143876478 0.0643534864614185
16.6257975137976 0.0727271853104157
18.0112806399475 0.0887862372959451
19.3967637660973 0.106265835433679
20.7822468922471 0.135793231034095
22.1677300183969 0.170515939323679
23.5532131445467 0.219610245574685
24.9386962706965 0.249823581374305
26.3241793968463 0.207810567713604
27.7096625229961 0.134769070685151
29.0951456491459 0.0753105580647774
30.4806287752957 0.0423771522165038
31.8661119014455 0.0243163584515226
33.2515950275953 0.015681953885748
34.6370781537451 0.00916000730576198
36.0225612798949 0.00627874315329466
37.4080444060447 0.00409277866524486
38.7935275321945 0.0031667985572031
40.1790106583443 0.00197928763761547
41.5644937844941 0.00184223363820785
42.9499769106439 0.00118084917202126
44.3354600367937 0.00120703516473284
45.7209431629435 0.000716003981618499
47.1064262890933 0.000818866370962825
48.4919094152431 0.00045147381503811
49.8773925413929 0.000583490173317907
51.2628756675427 0.00029041045786426
52.6483587936925 0.000446536132927953
54.0338419198424 0.000183466698707634
55.4193250459922 0.000339677322710272
56.804808172142 0.000133630036139674
58.1902912982918 0.000276795720284943
59.5757744244416 9.10724023039445e-05
60.9612575505914 0.000234039643797508
62.3467406767412 5.9249335980123e-05
63.732223802891 0.000194981880794883
65.1177069290408 4.2890934543944e-05
66.5031900551906 0.000169108790225531
67.8886731813404 2.94021171430973e-05
69.2741563074902 0.000146232837436637
70.65963943364 1.65984716201919e-05
72.0451225597898 0.000124860383541327
73.4306056859396 7.18400805959205e-06
74.8160888120894 0.000112037619136025
76.2015719382392 3.66258095376825e-07
77.587055064389 0.000100672457128162
78.9725381905388 2.91999522360667e-06
80.3580213166886 9.12662983228512e-05
81.7435044428384 5.24241687191614e-06
83.1289875689882 8.1035391110623e-05
84.514470695138 9.04806698666071e-06
85.8999538212879 7.30211863939647e-05
87.2854369474376 1.13320102966223e-05
88.6709200735874 6.72418087547428e-05
90.0564031997372 1.37416128004378e-05
91.4418863258871 6.03627136940942e-05
92.8273694520369 1.3970606029625e-05
94.2128525781867 5.50648688976972e-05
95.5983357043365 1.44602126258963e-05
96.9838188304863 4.87362908324775e-05
98.3693019566361 1.55914975475062e-05
99.7547850827859 4.49144901720664e-05
101.140268208936 1.4929766874548e-05
102.525751335085 3.97466091193963e-05
103.911234461235 1.40412852156712e-05
105.296717587385 3.68137735335416e-05
106.682200713535 1.37739411385867e-05
108.067683839685 3.40535715547351e-05
109.453166965835 1.26567403690966e-05
110.838650091984 3.14620691373402e-05
112.224133218134 1.07931238840002e-05
113.609616344284 2.86549885005337e-05
114.995099470434 9.42598473890581e-06
116.380582596584 2.57629086695457e-05
117.766065722733 8.0447118962559e-06
119.151548848883 2.27161936522764e-05
120.537031975033 6.310522704999e-06
121.922515101183 2.03139386804507e-05
123.307998227333 5.02148807331936e-06
124.693481353482 1.73044463469518e-05
126.078964479632 3.54020383161214e-06
127.464447605782 1.47287419035995e-05
128.849930731932 1.4230006763554e-06
130.235413858082 1.25869166806037e-05
131.620896984231 8.59880230726875e-07
133.006380110381 1.046738952076e-05
134.391863236531 3.56436113625635e-06
135.777346362681 8.46377191358313e-06
137.162829488831 5.66416865835014e-06