4.11509167319124 0.0892968417889226
8.23018334638248 0.101736085337135
12.3452750195737 0.118309925633164
16.460366692765 0.141129334068908
20.5754583659562 0.176642073993152
24.6905500391474 0.207216124030783
28.8056417123387 0.189900869953532
32.9207333855299 0.109178479623433
37.0358250587212 0.0461879917323406
41.1509167319124 0.0184008531666774
45.2660084051036 0.0073098701574877
49.3811000782949 0.00328684077927316
53.4961917514861 0.00143897682815375
57.6112834246774 0.000780349836640472
61.7263750978686 0.0003885950970352
65.8414667710598 0.000289074854977681
69.9565584442511 0.000153596137105615
74.0716501174423 0.000134979172690926
78.1867417906335 7.05080344268814e-05
82.3018334638248 7.44833634670703e-05
86.416925137016 3.64156817541232e-05
90.5320168102073 4.47675790124977e-05
94.6471084833985 2.00970436129777e-05
98.7622001565898 2.80319297094943e-05
102.877291829781 1.08313108386337e-05
106.992383502972 1.83180287420172e-05
111.107475176163 7.14154373270674e-06
115.222566849355 1.23302002946679e-05
119.337658522546 5.40021722809748e-06
123.452750195737 8.93740089363514e-06
127.567841868928 5.07147069107817e-06
131.68293354212 6.85572257459634e-06
135.798025215311 5.68697181871735e-06