2.07301610604371 0.0749350446121334
4.14603221208741 0.0866280714428484
6.21904831813112 0.0866274693477669
8.29206442417483 0.0950624761576714
10.3650805302185 0.103055697988417
12.4380966362622 0.112102522475903
14.5111127423059 0.126740130617835
16.5841288483497 0.143758069927694
18.6571449543934 0.163846774223199
20.7301610604371 0.186750143093176
22.8031771664808 0.212136504097014
24.8761932725245 0.223089725683338
26.9492093785682 0.239761843022779
29.0222254846119 0.20687816470572
31.0952415906556 0.160180733854402
33.1682576966993 0.113949784963174
35.241273802743 0.0718322518087994
37.3142899087867 0.0467920216641691
39.3873060148304 0.0281536072846652
41.4603221208741 0.018265081637183
43.5333382269178 0.0116184398340671
45.6063543329615 0.00731057930765036
47.6793704390053 0.00471802290295911
49.752386545049 0.00338445694121379
51.8254026510927 0.00226528425191255
53.8984187571364 0.00163509577479338
55.9714348631801 0.00111807621572224
58.0444509692238 0.000895845942184429
60.1174670752675 0.000668400577448141
62.1904831813112 0.000567264536199114
64.2634992873549 0.000423873194851663
66.3365153933986 0.000396334435684712
68.4095314994423 0.000282282766398517
70.482547605486 0.000275806767857888
72.5555637115297 0.000190495802958444
74.6285798175734 0.000202031293904615
76.7015959236171 0.000139568575775052
78.7746120296609 0.000156119274667177
80.8476281357046 0.00010412241538601
82.9206442417483 0.000120389284435332
84.993660347792 7.71434896583026e-05
87.0666764538357 9.81640394461635e-05
89.1396925598794 5.46469056979461e-05
91.2127086659231 7.9554005468617e-05
93.2857247719668 4.46412358641941e-05
95.3587408780105 6.21518846082015e-05
97.4317569840542 3.49473627611004e-05
99.5047730900979 5.29923161585272e-05
101.577789196142 2.75689209790632e-05
103.650805302185 4.2455990513811e-05
105.723821408229 2.06040495087145e-05
107.796837514273 3.68683278217714e-05
109.869853620316 1.64919903558686e-05
111.94286972636 2.90575625010302e-05
114.015885832404 1.47081845732819e-05
116.088901938448 2.62133456287932e-05
118.161918044491 1.24259997996784e-05
120.234934150535 2.19348745350362e-05
122.307950256579 1.15051461092579e-05
124.380966362622 1.97497594778585e-05
126.453982468666 1.19047990761629e-05
128.52699857471 1.80113659109384e-05
130.600014680754 1.27209486364912e-05
132.673030786797 1.58494875949712e-05
134.746046892841 1.37601059842744e-05
136.819062998885 1.35138586697741e-05