4.11509167319124 0.153473361258903
8.23018334638248 0.167658675206512
12.3452750195737 0.185698477514975
16.460366692765 0.204911179573698
20.5754583659562 0.221233375895544
24.6905500391474 0.22772810123406
28.8056417123387 0.213446909857394
32.9207333855299 0.173711172198976
37.0358250587212 0.121470852980487
41.1509167319124 0.0750880663783173
45.2660084051036 0.0430947384424341
49.3811000782949 0.0230528224367529
53.4961917514861 0.0125311032393162
57.6112834246774 0.00647079210651161
61.7263750978686 0.00348643240115178
65.8414667710598 0.00174806369929974
69.9565584442511 0.00102588973546904
74.0716501174423 0.000506375916045075
78.1867417906335 0.000364049746577557
82.3018334638248 0.000184190864147589
86.416925137016 0.000173805570619055
90.5320168102073 8.65012011148787e-05
94.6471084833985 0.000101112233079675
98.7622001565898 4.56438259014717e-05
102.877291829781 6.35938397890173e-05
106.992383502972 2.74347418730423e-05
111.107475176163 4.23099696339625e-05
115.222566849355 1.84530521830094e-05
119.337658522546 2.98301438446134e-05
123.452750195737 1.52050338432996e-05
127.567841868928 2.23853968340651e-05
131.68293354212 1.58476826301263e-05
135.798025215311 1.81453280713998e-05