2.07301610604371 0.0368920167256135
4.14603221208741 0.0428560828828873
6.21904831813112 0.0445164899819356
8.29206442417483 0.0482447713812488
10.3650805302185 0.0512890297540133
12.4380966362622 0.0577804946780277
14.5111127423059 0.0662636426326651
16.5841288483497 0.0801698229875452
18.6571449543934 0.100339183480231
20.7301610604371 0.131395602371197
22.8031771664808 0.176230693370219
24.8761932725245 0.214529170106876
26.9492093785682 0.178117152828296
29.0222254846119 0.0918282815791101
31.0952415906556 0.0427188823404238
33.1682576966993 0.0192463076146549
35.241273802743 0.00990572076324367
37.3142899087867 0.00495385870333072
39.3873060148304 0.00309379391948896
41.4603221208741 0.00169615603786099
43.5333382269178 0.0013099654828441
45.6063543329615 0.000751083716203813
47.6793704390053 0.000672529917993128
49.752386545049 0.00036042114108061
51.8254026510927 0.000384208342743263
53.8984187571364 0.000193131711884553
55.9714348631801 0.000246235085051451
58.0444509692238 0.000105440834630471
60.1174670752675 0.000170664042066813
62.1904831813112 6.17033521400581e-05
64.2634992873549 0.000124417015323747
66.3365153933986 3.87585466761425e-05
68.4095314994423 9.41554574594384e-05
70.482547605486 2.38970100419146e-05
72.5555637115297 7.14932274951647e-05
74.6285798175734 1.23278653776448e-05
76.7015959236171 5.6090204399699e-05
78.7746120296609 6.17055077420435e-06
80.8476281357046 4.51545800746223e-05
82.9206442417483 2.07781539408154e-06
84.993660347792 3.64613527306705e-05
87.0666764538357 2.37707526137745e-07
89.1396925598794 2.98909959281759e-05
91.2127086659231 2.23660357349501e-06
93.2857247719668 2.45691976782628e-05
95.3587408780105 3.18760562007437e-06
97.4317569840542 1.96849735568342e-05
99.5047730900979 3.7095589963277e-06
101.577789196142 1.61283634248672e-05
103.650805302185 3.83229286287223e-06
105.723821408229 1.35437071660946e-05
107.796837514273 3.32966949369212e-06
109.869853620316 1.15928324189685e-05
111.94286972636 2.39498011297553e-06
114.015885832404 9.84390869253428e-06
116.088901938448 2.13831423257627e-06
118.161918044491 7.94248985438224e-06
120.234934150535 1.62326794618253e-06
122.307950256579 6.34977664181397e-06
124.380966362622 7.63119074821216e-07
126.453982468666 5.18391581958928e-06
128.52699857471 9.95322708917739e-09
130.600014680754 3.94745212258082e-06
132.673030786797 8.13328886463141e-07
134.746046892841 2.76440751405713e-06
136.819062998885 1.79892320471697e-06