0.139206 0.633253010522054
0.196867 0.570775840966197
0.241112 0.597411479689102
0.278413 0.565272031305769
0.311275 0.607173459759039
0.340984 0.613212627578782
0.393735 0.62005210018361
0.417619 0.629381114738202
0.440209 0.631583447181339
0.461695 0.644784456077938
0.482225 0.650612948736823
0.501916 0.653676415504139
0.520862 0.661182733517747
0.556825 0.678922782847265
0.573962 0.686591161838043
0.590602 0.691930140768879
0.606786 0.708269833693016
0.62255 0.703083435645038
0.637924 0.709313997522638
0.652936 0.710807678530413
0.681969 0.726235670313324
0.696032 0.732531493847298
0.709816 0.736511753577186
0.723337 0.73890385938746
0.749649 0.754394006639659
0.762464 0.760689770248406
0.78747 0.767475118227292
0.799679 0.77172888951761
0.811705 0.772204792114854
0.823556 0.77981590605475
0.835238 0.782551377433857
0.846759 0.793020158288449
0.858125 0.792346626438155
0.880418 0.805020568688004
0.891355 0.804714281371743
0.90216 0.808176270363151
0.912837 0.812960686525276
0.92339 0.816271630741365
0.933824 0.823559226210387
0.944143 0.826005686976921
0.96445 0.832921230348002
0.974444 0.835237106895748
0.984337 0.83752710907802
0.994132 0.838083187688693
1.003831 0.843355186176042
1.013437 0.843487416482812
1.022953 0.848329879868882
1.041725 0.853582156340841
1.050985 0.855625938955735
1.060164 0.857115663574847
1.069264 0.859779528625144
1.087236 0.867695724858612
1.096112 0.87192906832223
1.113651 0.875988149512758
1.122317 0.876679017081296
1.130917 0.8727553905815
1.139453 0.878911548995974
1.147925 0.881281594729461
1.156335 0.882385284329198
1.164684 0.88557996252711
1.181205 0.889839775833343
1.189379 0.897487791020173
1.197498 0.896577211371588
1.205562 0.897574347504463
1.213573 0.899708011753781
1.221531 0.899247508504352
1.229437 0.904690341969218
1.245099 0.904937749884704
1.252857 0.905203877883944
1.260567 0.907141421947862
1.26823 0.913247650589808
1.275847 0.911647847346721
1.283419 0.912901864389702
1.290946 0.916945834293849
1.305871 0.919125021656232
1.31327 0.923504959115201
1.320627 0.921159120518611
1.327944 0.92356824186132
1.342457 0.920586147346298
1.349655 0.921299320984924
1.363938 0.929441552724069
1.371023 0.933529801436688
1.378072 0.93069809092074
1.385085 0.930994175972991
1.392063 0.930795635755695
1.399006 0.937530769011248
1.405915 0.936755016358939
1.419631 0.938445876377269
1.42644 0.939265173517119
1.433217 0.940127135614499
1.439961 0.938515555876798
1.446675 0.941442983045444
1.453357 0.941481979970904
1.460008 0.940608233905995
1.479783 0.940454817817659
1.486317 0.942950553120935
1.492821 0.945203113027688
1.499298 0.948922989272819
1.505747 0.950295118255819
1.512168 0.9489062260189
1.524929 0.948656893859233
1.53127 0.952595555708403
1.537584 0.953339556656213
1.543873 0.956364013919696
1.556374 0.956167570928627
1.562587 0.950620743681594
1.57494 0.958102918447785
1.58108 0.955115705506957
1.587196 0.956464803487524
1.593289 0.956898554919044
1.599359 0.959477491574131
1.605406 0.959676172238168
1.61143 0.959818925086517
1.623411 0.962337183067887
1.629368 0.962938474327971
1.635304 0.962751512923635
1.641218 0.965713704929969
1.647111 0.960976881500893
1.652983 0.961909655210288
1.658835 0.963829613134247
1.670476 0.968949013725155
1.676266 0.965850951325623
1.682036 0.966287909167735
1.687787 0.967791123452802
1.693518 0.969468300501105
1.69923 0.969168563307128
1.704922 0.968930370382747
1.716251 0.970270206048666
1.721887 0.968236421727038
1.727505 0.970863377277422
1.733105 0.972167264004475
1.74425 0.967595815911868
1.749796 0.973061933014504
1.760836 0.973061356171987
1.76633 0.972958490040328
1.771807 0.971740841455126
1.777267 0.973698782658361
1.782711 0.976105306314581
1.788138 0.972555701143667
1.793548 0.974475928205692
1.80432 0.979533172470744
1.809682 0.975015997810359
1.815028 0.973742597797991
1.820359 0.981756688678362
1.825674 0.975127229473241
1.830973 0.980719416944086
1.836257 0.977075749843064
1.846781 0.980501120462873
1.85202 0.977549558016173
1.857244 0.97754990841629
1.862454 0.978803241324818
1.867649 0.980011277594084
1.87283 0.979107352615691
1.877996 0.9804291733811
1.888286 0.979491576369489
1.893411 0.98032727334935
1.898521 0.983725832871614
1.903618 0.981211742261685
1.913771 0.981891318809879
1.918827 0.982039373735714
1.928899 0.983759193855445
1.933916 0.982094173640232
1.93892 0.984496369302226
1.94391 0.982759875281687
1.948888 0.980927936276832
1.953854 0.984120209444449
1.958807 0.985418623627858
1.968675 0.985560306607513
1.97359 0.982833700338971
1.978494 0.987565931703744
1.983385 0.985682968932704
1.988264 0.988723644542089
1.993131 0.985995819522531
1.997987 0.986197974833436
2.007662 0.982305273306885
2.012482 0.987747194577772
2.017291 0.986715855617214
2.022089 0.985416865300145
2.026875 0.987701558388757
2.031649 0.989719822216616
2.036413 0.984941570553384
2.045907 0.990290336113671
2.050637 0.989022433147362
2.055357 0.990580254883405
2.060065 0.986585203908107
2.069451 0.98914833716262
2.074127 0.991435315222023
2.083449 0.990886035998231
2.088095 0.989387283961683
2.09273 0.991676754203655
2.097355 0.990363573499568
2.101969 0.985974198204667
2.106574 0.990438554989524
2.111168 0.993592820930884
2.120328 0.988538442922274
2.124892 0.987448704814916
2.129447 0.991917440746384
2.133992 0.989819641824517
2.138528 0.987183051468841
2.143054 0.990215442209214
2.147571 0.992563559058008
2.161063 0.990034222157861
2.165542 0.990934268553418
2.170012 0.991654053323744
2.174472 0.991653335408798
2.178924 0.990983722721824
2.183366 0.990011818367706
2.192223 0.994038930957
2.196639 0.989918421302196
2.201045 0.995053045454784
2.205443 0.992793956816817
2.214212 0.991817383926338
2.218584 0.990925729378033
2.227301 0.999687268564636
2.231647 0.991405622943404
2.235985 0.995633813738332
2.240314 0.990855586677058
2.244634 0.997404942832839
2.248947 0.994767583781637
2.253251 0.99635769518045
2.261835 0.996977098656353
2.266115 0.992793231117179
2.270386 0.997242999866001
2.27465 0.996429797673216
2.278906 0.998239924644026
2.283153 0.989606817553442
2.287393 0.993830466261623
2.295849 0.99530895740148
2.300066 0.999138689728946
2.304275 0.994295451915917
2.308476 0.996862773705697
2.312669 0.994972656396687
2.316855 0.993719789131766
2.321033 0.996883289185155
2.329367 0.99424589357629
2.333523 0.997041137900766
2.337672 0.997954266108062
2.341813 0.993799849950317
2.350073 0.993301401534793
2.354192 0.994530511878753
2.36241 0.995876794954598
2.366507 0.995531969100416
2.370598 0.996208706500337
2.374682 0.995826930229985
2.378759 0.998492057479498
2.382828 0.995445148594932
2.386891 0.997298981272781
2.394996 0.995998037202405
2.399038 0.993581854926449
2.403074 0.994923803114454
2.407102 0.993369415887976
2.411124 0.997272681715406
2.415139 0.998209054841199
2.419148 0.997632328024891
2.427145 0.997371102210941
2.431134 0.995592968958667
2.435116 0.994520949344354
2.439092 1.00283024823267
2.443061 0.997971975192296
2.447024 0.997458691957295
2.45098 0.995409199845564
2.458874 0.999938296618533
2.462811 0.998177787946318
2.466742 1.00063446263503
2.470667 0.995049921111132
2.478498 0.998157494538706
2.482404 0.994855035317417
2.490198 0.999615050911002
2.494086 0.997822425991659
2.497968 0.998774933448581
2.501844 0.9972838660899
2.505714 0.993858993700062
2.509578 0.997586414266303
2.513436 0.997825293000043
2.521134 1.00066664859149
2.524974 0.996260694613279
2.528808 0.997790770639041
2.532637 0.99987507945801
2.53646 0.997454038549628
2.540277 0.995295733605561
2.544088 1.00081357025229
2.551694 0.999745005368394
2.555488 0.994217153729412
2.559277 1.00209036843232
2.56306 0.997967178098766
2.566838 0.995675681263594
2.57061 0.997933217155526
2.574376 0.993227627859787
2.581893 0.997266597919552
2.585643 0.997843597616826
2.589387 0.998833338259607
2.593126 1.0004896955867
2.600589 0.996258003635782
2.604312 0.998525014839111
2.611742 0.993507477129044
2.615449 0.994709230159628
2.619151 1.00234694873822
2.622848 0.997206228143629
2.62654 0.998580888018231
2.630226 1.00235589677558
2.633907 1.00201229196831
2.641254 0.996221384788765
2.64492 0.998410848062438
2.648581 0.999677204141089
2.652237 0.990537248331301
2.655887 1.00038355200145
2.659533 0.995467341854715
2.663174 0.998859929178606
2.674066 0.998417527488338
2.677687 0.99431057983724
2.681303 0.997187024857393
2.684914 0.997422911013359
2.688521 0.998319319833166
2.692122 1.00040061316362
2.699311 0.998319132647578
2.702898 0.99707999644889
2.70648 1.00133062442827
2.710058 1.00000930006528
2.717199 0.994993355989343
2.720763 0.997812997338968
2.727876 0.996713307879949
2.731425 0.998104710524511
2.73497 1.00060799840994
2.738511 1.00044377110661
2.742047 0.997481209874373
2.745578 0.998695570554179
2.749105 0.998610488850831
2.756145 0.998778002671557
2.759658 1.00374996219754
2.763167 0.99671702848822
2.766671 0.999475149318188
2.770171 1.0027333150616
2.773666 0.998964605049976
2.777157 0.997394184488596
2.784126 0.9978616311507