0.51728169250246 0.00613132846826032
1.03456338500492 0.00709824496475977
1.55184507750738 0.0135794841933225
2.06912677000984 0.0129229893476227
2.5864084625123 0.0133491280162722
3.10369015501476 0.013206868175766
3.62097184751722 0.0128869647821665
4.13825354001968 0.0127548839668533
4.65553523252214 0.0134603155873099
5.1728169250246 0.0143709632659816
5.69009861752705 0.0143861707346317
6.20738031002952 0.013849002772989
6.72466200253197 0.0148012475987618
7.24194369503444 0.0144944988703907
7.75922538753689 0.0149530421236323
8.27650708003935 0.0151852054508829
8.79378877254181 0.0154553096840519
9.31107046504427 0.0156109119957138
9.82835215754673 0.0156724862448326
10.3456338500492 0.0157250995193483
10.8629155425517 0.0167925961333953
11.3801972350541 0.0169322019483064
11.8974789275566 0.017999088586438
12.414760620059 0.0173573543895532
12.9320423125615 0.0191363899512907
13.4493240050639 0.0185164499494945
13.9666056975664 0.0216977693705272
14.4838873900689 0.0211056855505133
15.0011690825713 0.023579767551265
15.5184507750738 0.0236439902497246
16.0357324675762 0.0266487384117931
16.5530141600787 0.0293747334157167
17.0702958525812 0.0328921972346006
17.5875775450836 0.0337250514996058
18.1048592375861 0.0400857290404788
18.6221409300885 0.0452245295452033
19.139422622591 0.0529282175666586
19.6567043150935 0.0627179646389201
20.1739860075959 0.0834377164818712
20.6912677000984 0.0931205112085556
21.2085493926008 0.125110751337392
21.7258310851033 0.155381002400207
22.2431127776058 0.206956430512098
22.7603944701082 0.261977183342947
23.2776761626107 0.23644955553943
23.7949578551131 0.198300323123291
24.3122395476156 0.138866425340027
24.8295212401181 0.0949069983396024
25.3468029326205 0.0618522293953156
25.864084625123 0.0417012709744774
26.3813663176254 0.0309086337526294
26.8986480101279 0.023682029281701
27.4159297026304 0.0174484661723526
27.9332113951328 0.0136599230955957
28.4504930876353 0.009842675178171
28.9677747801377 0.00849126696515159
29.4850564726402 0.00662683453771488
30.0023381651427 0.00551733365997069
30.5196198576451 0.00441441333012981
31.0369015501476 0.00391129796622185
31.55418324265 0.00296794448235842
32.0714649351525 0.00305848494382845
32.5887466276549 0.00224912758586189
33.1060283201574 0.00211372157295739
33.6233100126599 0.00164418235689282
34.1405917051623 0.00159072703395286
34.6578733976648 0.00128704316709643
35.1751550901673 0.00129949423005867
35.6924367826697 0.000992270993203264
36.2097184751722 0.00110935695552233
36.7270001676746 0.000802413830374497
37.2442818601771 0.000810805167427973
37.7615635526795 0.000618519235028198
38.278845245182 0.000648267756247079
38.7961269376845 0.000492059430207819
39.3134086301869 0.000581095146663885
39.8306903226894 0.000392877368826847
40.3479720151918 0.000478252579380465
40.8652537076943 0.000289949742943378
41.3825354001968 0.000413425352320266
41.8998170926992 0.000247414700337911
42.4170987852017 0.000349197651464954
42.9343804777041 0.000212871428990213
43.4516621702066 0.000312480919822252
43.9689438627091 0.00018984505875368
44.4862255552115 0.000271385455494034
45.003507247714 0.000148977942883315
45.5207889402164 0.000236282900551611
46.0380706327189 0.000131046634069901
46.5553523252214 0.000204272290787954
47.0726340177238 0.000111386602212544
47.5899157102263 0.000184676931873943
48.1071974027287 7.94613135745872e-05
48.6244790952312 0.000158256721096159
49.1417607877337 6.46766469679252e-05
49.6590424802361 0.000143935998819679
50.1763241727386 6.66149089468216e-05
50.693605865241 0.000132040247526169
51.2108875577435 4.94433758840498e-05
51.728169250246 0.000116784710076364
52.2454509427484 4.60555048635483e-05
52.7627326352509 0.000109120895217345
53.2800143277533 3.88786386047325e-05
53.7972960202558 9.42635882367304e-05
54.3145777127583 2.80095180545546e-05
54.8318594052607 9.015880996058e-05
55.3491410977632 2.21966132731844e-05
55.8664227902656 8.26837514020268e-05
56.3837044827681 1.96224437735907e-05
56.9009861752706 7.20281817849291e-05
57.418267867773 1.68210526167161e-05
57.9355495602755 7.09528743595581e-05
58.4528312527779 1.1097814011394e-05
58.9701129452804 6.73143479150168e-05
59.4873946377828 1.10462953593265e-05
60.0046763302853 6.18201591363532e-05
60.5219580227878 1.10033227389232e-05
61.0392397152902 5.63183277315473e-05
61.5565214077927 6.96496584009434e-06
62.0738031002951 5.22771309839271e-05
62.5910847927976 5.26951101409932e-06
63.1083664853001 4.99049081374422e-05
63.6256481778025 5.48335160370588e-06
64.142929870305 4.51837157489127e-05
64.6602115628074 2.23571076052351e-06
65.1774932553099 4.33253939171108e-05
65.6947749478124 1.7822594175579e-06
66.2120566403148 4.1639069217553e-05
66.7293383328173 4.33471288408187e-07
67.2466200253198 4.02345813893412e-05
67.7639017178222 1.14227610095237e-07
68.2811834103247 3.79305193768536e-05
68.7984651028271 6.65865958849649e-07
69.3157467953296 3.43098416493171e-05
69.8330284878321 1.66722061556859e-07
70.3503101803345 3.37153050459413e-05
70.867591872837 6.88444361990588e-07
71.3848735653394 3.26598640726338e-05
71.9021552578419 2.60787724117732e-06
72.4194369503443 2.94678743889314e-05
72.9367186428468 3.15925875172199e-06
73.4540003353493 2.88187427624841e-05
73.9712820278517 3.06141644723617e-06
74.4885637203542 2.73719527493845e-05
75.0058454128566 4.0797153690587e-06
75.5231271053591 2.58350294740654e-05
76.0404087978616 3.26705727456403e-06
76.557690490364 2.49680755673718e-05
77.0749721828665 3.5592330375285e-06
77.5922538753689 2.45445842956381e-05
78.1095355678714 3.3851168769121e-06
78.6268172603738 2.14666659399946e-05
79.1440989528763 3.63019962805746e-06
79.6613806453788 2.22179549206656e-05
80.1786623378812 3.80729554318254e-06
80.6959440303837 2.07440455717608e-05
81.2132257228862 2.18766911179021e-06
81.7305074153886 1.99772187407022e-05
82.2477891078911 3.79661200472848e-06
82.7650708003935 1.83732487957538e-05
83.282352492896 3.22981790598337e-06
83.7996341853985 1.87627883438069e-05
84.3169158779009 3.60924479483064e-06
84.8341975704034 1.72136205851479e-05
85.3514792629058 3.4402074277425e-06
85.8687609554083 1.62875212677645e-05
86.3860426479107 4.1266029451588e-06
86.9033243404132 1.59135800344249e-05
87.4206060329157 3.92973242024978e-06
87.9378877254181 1.49329417827707e-05
88.4551694179206 4.22680198993331e-06
88.9724511104231 1.47497356984584e-05
89.4897328029255 4.18689607706097e-06
90.007014495428 1.3718243655965e-05
90.5242961879304 4.01116211097078e-06
91.0415778804329 1.33078862277509e-05
91.5588595729353 3.86347089269571e-06
92.0761412654378 1.26605266730267e-05
92.5934229579403 4.32390153079081e-06
93.1107046504427 1.24400747100155e-05
93.6279863429452 4.14438069563609e-06
94.1452680354476 1.16682668710802e-05
94.6625497279501 4.56292154886799e-06
95.1798314204526 1.07209174333447e-05
95.697113112955 4.03804610993847e-06
96.2143948054575 1.06422597427235e-05
96.73167649796 4.0662853143925e-06
97.2489581904624 9.75336342713807e-06
97.7662398829649 3.72803800816148e-06
98.2835215754673 9.49677796434651e-06
98.8008032679698 3.81710479351878e-06
99.3180849604722 9.35256658430546e-06
99.8353666529747 3.78660020176243e-06
100.352648345477 9.02351917529133e-06
100.86993003798 3.63696320967972e-06
101.387211730482 8.55705472778154e-06
101.904493422985 3.20141617457178e-06
102.421775115487 8.19740441004916e-06
102.939056807989 3.20500860613025e-06
103.456338500492 7.96318748480125e-06
103.973620192994 3.12707438459631e-06
104.490901885497 7.86829685450135e-06
105.008183577999 2.97619254204924e-06
105.525465270502 7.52728315310135e-06
106.042746963004 2.86779772448142e-06
106.560028655507 7.18870507016597e-06
107.077310348009 2.77618017852482e-06
107.594592040512 6.76956264901635e-06
108.111873733014 2.76663170245566e-06
108.629155425517 6.34380095994609e-06
109.146437118019 2.45031217230592e-06
109.663718810521 6.31927357962433e-06
110.181000503024 2.75272197084565e-06
110.698282195526 5.96809477735973e-06
111.215563888029 2.35214659207677e-06
111.732845580531 5.77919909918756e-06
112.250127273034 2.10427878428111e-06
112.767408965536 5.59284776037602e-06
113.284690658039 1.90499558898084e-06
113.801972350541 5.64696274392885e-06
114.319254043044 1.6824527726248e-06
114.836535735546 5.3348205361266e-06
115.353817428048 1.51797416242512e-06
115.871099120551 5.30372164364738e-06
116.388380813053 1.63293616138882e-06
116.905662505556 4.88635691122555e-06
117.422944198058 1.6358155264123e-06
117.940225890561 4.4844137979571e-06
118.457507583063 1.23017181658293e-06
118.974789275566 4.25470842534456e-06
119.492070968068 1.40656955545616e-06
120.009352660571 4.05709669024921e-06
120.526634353073 1.25360210822224e-06
121.043916045576 3.72704422777438e-06
121.561197738078 1.28540533835791e-06
122.07847943058 3.34812726636385e-06
122.595761123083 9.88455883493758e-07
123.113042815585 3.2446088617539e-06
123.630324508088 7.91042990929642e-07
124.14760620059 3.17615783480089e-06
124.664887893093 5.52045094474293e-07
125.182169585595 3.10516235834854e-06
125.699451278098 5.72660517116454e-07
126.2167329706 2.99668361937202e-06
126.734014663103 5.36265722860492e-07
127.251296355605 2.62782313579839e-06
127.768578048108 2.39492679223788e-07
128.28585974061 2.61007329544985e-06
128.803141433112 2.84522962784512e-07
129.320423125615 2.29756580775338e-06
129.837704818117 1.91709015209663e-08
130.35498651062 2.28597977746007e-06
130.872268203122 4.14157701546272e-08
131.389549895625 2.12688378574788e-06
131.906831588127 1.85662525248395e-07
132.42411328063 2.0942829000692e-06
132.941394973132 4.1076668546289e-07
133.458676665635 1.73814467157881e-06
133.975958358137 4.16783993423127e-07
134.49324005064 1.57437428025537e-06
135.010521743142 6.13957448025118e-07
135.527803435644 1.6594550667019e-06
136.045085128147 9.36572895312963e-07
136.562366820649 1.18683455492461e-06
137.079648513152 9.71467100484589e-07
137.596930205654 1.16837355587823e-06