2.07301610604371 0.054623231034613
4.14603221208741 0.0622599978500841
6.21904831813112 0.0631011600764179
8.29206442417483 0.0705227060255313
10.3650805302185 0.074104029046797
12.4380966362622 0.0843624088001561
14.5111127423059 0.0961561780477972
16.5841288483497 0.112678902772649
18.6571449543934 0.130956844178104
20.7301610604371 0.16282152367495
22.8031771664808 0.196074542758636
24.8761932725245 0.23525534920732
26.9492093785682 0.229580300102052
29.0222254846119 0.171812045415273
31.0952415906556 0.105870562427457
33.1682576966993 0.0583773672290267
35.241273802743 0.033465361463917
37.3142899087867 0.0177059692316445
39.3873060148304 0.010661440926107
41.4603221208741 0.00604724376478425
43.5333382269178 0.00407603040879189
45.6063543329615 0.00246765206392609
47.6793704390053 0.00188970389224037
49.752386545049 0.00112402075604532
51.8254026510927 0.00103875876252491
53.8984187571364 0.000586524999333898
55.9714348631801 0.000616815472934648
58.0444509692238 0.000349080980231369
60.1174670752675 0.000427442137177707
62.1904831813112 0.000230104914696863
64.2634992873549 0.000315616276968775
66.3365153933986 0.000152397720082063
68.4095314994423 0.000242124286679678
70.482547605486 0.000100050265687491
72.5555637115297 0.000185086482712846
74.6285798175734 6.52482284980163e-05
76.7015959236171 0.000147982010873739
78.7746120296609 4.72770262737086e-05
80.8476281357046 0.000119595953630653
82.9206442417483 3.11520759036149e-05
84.993660347792 0.000100027150447508
87.0666764538357 2.11808375549432e-05
89.1396925598794 8.54781783730902e-05
91.2127086659231 1.4766486945664e-05
93.2857247719668 7.14679500179674e-05
95.3587408780105 8.65700218247092e-06
97.4317569840542 6.01989629271255e-05
99.5047730900979 5.57317089137584e-06
101.577789196142 5.19821124807318e-05
103.650805302185 3.48605094286093e-06
105.723821408229 4.49910946826241e-05
107.796837514273 2.52223007386424e-06
109.869853620316 3.95538556466302e-05
111.94286972636 2.50456070954186e-06
114.015885832404 3.4039097530066e-05
116.088901938448 2.27365549291825e-06
118.161918044491 2.9656121118742e-05
120.234934150535 3.28312661611802e-06
122.307950256579 2.6153202249608e-05
124.380966362622 5.99080996626266e-06
126.453982468666 2.25305273372131e-05
128.52699857471 7.65766870791374e-06
130.600014680754 1.93343204842204e-05
132.673030786797 1.02357693884072e-05
134.746046892841 1.63880164468619e-05
136.819062998885 1.29018838121631e-05
