0 7.41802029090548
0.0024 7.41803881517282
0.0048 7.41809438662418
0.0072 7.41818700120594
0.0096 7.41831665215628
0.012 7.41848332999669
0.0144 7.41868702251982
0.0168 7.41892771477411
0.0192 7.4192053890448
0.0216 7.41952002483157
0.024 7.41987159882273
0.0264 7.42026008486589
0.0288 7.42068545393522
0.0312 7.42114767409515
0.0336 7.42164671046069
0.036 7.42218252515415
0.0384 7.42275507725839
0.0408 7.42336432276655
0.0432 7.42401021452824
0.0456 7.42469270219219
0.048 7.4254117321453
0.0504 7.42616724744814
0.0528 7.42695918776687
0.0552 7.42778748930149
0.0576 7.42865208471056
0.06 7.42955290303214
0.0624 7.43048986960115
0.0648 7.43146290596307
0.0672 7.4324719297838
0.0696 7.43351685475596
0.072 7.43459759050127
0.0744 7.4357140424693
0.0768 7.43686611183229
0.0792 7.43805369537627
0.0816 7.43927668538823
0.084 7.44053496953946
0.0864 7.441828430765
0.0888 7.4431569471391
0.0912 7.44452039174682
0.0936 7.44591863255155
0.096 7.44735153225859
0.0984 7.44881894817462
0.1008 7.45032073206316
0.1032 7.45185672999587
0.1056 7.45342678219978
0.108 7.45503072290031
0.1104 7.45666838016009
0.1128 7.45833957571358
0.1152 7.46004412479741
0.1176 7.46178183597646
0.12 7.46355251096558
0.1224 7.46535594444696
0.1248 7.46719192388311
0.1272 7.46906022932547
0.1296 7.47096063321848
0.132 7.47289290019923
0.1344 7.47485678689256
0.1368 7.47685204170163
0.1392 7.47887840459387
0.1416 7.48093560688238
0.144 7.48302337100261
0.1464 7.48514141028443
0.1488 7.48728942871944
0.1512 7.48946712072361
0.1536 7.49167417089506
0.156 7.49391025376717
0.1584 7.49617503355676
0.1608 7.4984681639075
0.1632 7.50078928762841
0.1656 7.50313803642752
0.168 7.50551403064053
0.1704 7.50791687895464
0.1728 7.51034617812734
0.1752 7.51280151270027
0.1776 7.5152824547081
0.18 7.51778856338242
0.1824 7.52031938485055
0.1848 7.52287445182943
0.1872 7.52545328331444
0.1896 7.52805538426316
0.192 7.53068024527417
0.1944 7.53332734226077
0.1968 7.5359961361197
0.1992 7.53868607239485
0.2016 7.54139658093598
0.204 7.54412707555241
0.2064 7.54687695366183
0.2088 7.54964559593408
0.2112 7.5524323659301
0.2136 7.55523660973594
0.216 7.55805765559199
0.2184 7.56089481351738
0.2208 7.56374737492962
0.2232 7.56661461225963
0.2256 7.56949577856204
0.228 7.57239010712101
0.2304 7.57529681105152
0.2328 7.57821508289626
0.2352 7.58114409421823
0.2376 7.58408299518906
0.24 7.58703091417328
0.2424 7.58998695730854
0.2448 7.59295020808195
0.2472 7.59591972690263
0.2496 7.59889455067076
0.252 7.60187369234296
0.2544 7.60485614049455
0.2568 7.60784085887855
0.2592 7.61082678598174
0.2616 7.61381283457796
0.264 7.61679789127881
0.2664 7.61978081608204
0.2688 7.62276044191773
0.2712 7.62573557419264
0.2736 7.62870499033291
0.276 7.63166743932538
0.2784 7.63462164125777
0.2808 7.6375662868582
0.2832 7.64050003703406
0.2856 7.64342152241085
0.288 7.64632934287115
0.2904 7.64922206709413
0.2928 7.65209823209606
0.2952 7.65495634277204
0.2976 7.65779487143952
0.3 7.66061225738399
0.3024 7.66340690640729
0.3048 7.66617719037897
0.3072 7.66892144679124
0.3096 7.67163797831811
0.312 7.67432505237897
0.3144 7.67698090070752
0.3168 7.67960371892637
0.3192 7.68219166612801
0.3216 7.68474286446277
0.324 7.68725539873439
0.3264 7.68972731600388
0.3288 7.69215662520238
0.3312 7.69454129675369
0.3336 7.69687926220731
0.336 7.6991684138826
0.3384 7.70140660452503
0.3408 7.70359164697519
0.3432 7.70572131385154
0.3456 7.70779333724763
0.348 7.70980540844477
0.3504 7.71175517764112
0.3528 7.71364025369802
0.3552 7.71545820390464
0.3576 7.71720655376194
0.36 7.71888278678689
0.3624 7.72048434433811
0.3648 7.72200862546399
0.3672 7.72345298677431
0.3696 7.72481474233663
0.372 7.72609116359843
0.3744 7.72727947933643
0.3768 7.72837687563405
0.3792 7.72938049588833
0.3816 7.73028744084769
0.384 7.73109476868156
0.3864 7.73179949508338
0.3888 7.73239859340818
0.3912 7.73288899484608
0.3936 7.73326758863317
0.396 7.7335312223009
0.3984 7.73367670196562
0.4008 7.7337007926595
0.4032 7.7336002187043
0.4056 7.73337166412935
0.408 7.73301177313523
0.4104 7.7325171506045
0.4128 7.73188436266099
0.4152 7.73110993727899
0.4176 7.7301903649438
0.42 7.72912209936511
0.4224 7.72790155824454
0.4248 7.72652512409876
0.4272 7.72498914513963
0.4296 7.72328993621267
0.432 7.72142377979519
0.4344 7.71938692705549
0.4368 7.71717559897433
0.4392 7.71478598752992
0.4416 7.71221425694781
0.444 7.70945654501663
0.4464 7.70650896447095
0.4488 7.70336760444238
0.4512 7.70002853197978
0.4536 7.69648779363973
0.456 7.69274141714802
0.4584 7.68878541313303
0.4608 7.68461577693183
0.4632 7.68022849046956
0.4656 7.67561952421273
0.468 7.67078483919696
0.4704 7.66572038912949
0.4728 7.66042212256681
0.4752 7.65488598516756
0.4776 7.6491079220208
0.48 7.64308388004953
0.4824 7.63680981048938
0.4848 7.63028167144201
0.4872 7.623495430503
0.4896 7.61644706746334
0.492 7.609132577084
0.4944 7.60154797194262
0.4968 7.59368928535122
0.4992 7.58555257434374
0.5016 7.57713392273194
0.504 7.5684294442283
0.5064 7.55943528563386
0.5088 7.55014763008933
0.5112 7.54056270038721
0.5136 7.53067676234265
0.516 7.52048612822052
0.5184 7.50998716021605
0.5208 7.49917627398601
0.5232 7.48804994222751
0.5256 7.47660469830089
0.528 7.46483713989343
0.5304 7.45274393271995
0.5328 7.44032181425653
0.5352 7.42756759750316
0.5376 7.41447817477103
0.54 7.40105052148992
0.5424 7.387281700031
0.5448 7.37316886354011
0.5472 7.35870925977645
0.5496 7.34390023495136
0.552 7.3287392375618
0.5544 7.31322382221291
0.5568 7.29735165342369
0.5592 7.28112050941018
0.5616 7.26452828583975
0.564 7.24757299955047
0.5664 7.23025279222911
0.5688 7.2125659340414
0.5712 7.19451082720791
0.5736 7.17608600951901
0.576 7.15729015778203
0.5784 7.13812209119404
0.5808 7.11858077463328
0.5832 7.09866532186247
0.5856 7.07837499863707
0.588 7.05770922571178
0.5904 7.03666758173825
0.5928 7.01524980604744
0.5952 6.99345580130965
0.5976 6.97128563606585
0.6 6.94873954712356
0.6024 6.92581794181098
0.6048 6.90252140008295
0.6072 6.87885067647286
0.6096 6.85480670188421
0.612 6.83039058521649
0.6144 6.80560361481944
0.6168 6.78044725977081
0.6192 6.75492317097221
0.6216 6.72903318205863
0.624 6.702779310117
0.6264 6.67616375620961
0.6288 6.64918890569885
0.6312 6.62185732836949
0.6336 6.59417177834565
0.636 6.56613519379963
0.6384 6.53775069645038
0.6408 6.50902159084963
0.6432 6.47995136345418
0.6456 6.45054368148345
0.648 6.42080239156143
0.6504 6.39073151814308
0.6528 6.36033526172538
0.6552 6.3296179968437
0.6576 6.29858426985487
0.66 6.26723879650846
0.6624 6.23558645930848
0.6648 6.20363230466812
0.6672 6.17138153986059
0.6696 6.1388395297695
0.672 6.10601179344289
0.6744 6.07290400045524
0.6768 6.03952196708234
0.6792 6.00587165229432
0.6816 5.97195915357247
0.684 5.93779070255613
0.6864 5.9033726605258
0.6888 5.86871151372973
0.6912 5.83381386856079
0.6936 5.7986864465915
0.696 5.7633360794748
0.6984 5.72776970371887
0.7008 5.69199435534426
0.7032 5.65601716443217
0.7056 5.61984534957247
0.708 5.58348621222091
0.7104 5.54694713097429
0.7128 5.51023555577342
0.7152 5.47335900204311
0.7176 5.43632504477876
0.72 5.39914131258947
0.7224 5.36181548170706
0.7248 5.3243552699709
0.7272 5.28676843079823
0.7296 5.24906274714958
0.732 5.21124602549886
0.7344 5.17332608981776
0.7368 5.13531077558367
0.7392 5.0972079238205
0.7416 5.05902537518136
0.744 5.02077096408219
0.7464 4.98245251289472
0.7488 4.94407782620758
0.7512 4.90565468516347
0.7536 4.86719084188049
0.756 4.82869401396527
0.7584 4.79017187912522
0.7608 4.75163206988699
0.7632 4.71308216842784
0.7656 4.67452970152631
0.768 4.63598213563818
0.7704 4.59744687210345
0.7728 4.55893124248965
0.7752 4.52044250407626
0.7776 4.48198783548506
0.78 4.4435743324603
0.7824 4.40520900380262
0.7848 4.36689876746014
0.7872 4.3286504467796
0.7896 4.29047076692033
0.792 4.2523663514331
0.7944 4.21434371900596
0.7968 4.17640928037831
0.7992 4.13856933542448
0.8016 4.1008300704075
0.804 4.06319755540355
0.8064 4.02567774189702
0.8088 3.98827646054607
0.8112 3.95099941911788
0.8136 3.91385220059294
0.816 3.87684026143691
0.8184 3.8399689300387
0.8208 3.80324340531295
0.8232 3.76666875546485
0.8256 3.73024991691495
0.828 3.69399169338158
0.8304 3.65789875511792
0.8328 3.62197563830088
0.8352 3.5862267445686
0.8376 3.55065634070319
0.84 3.5152685584552
0.8424 3.48006739450624
0.8448 3.44505671056578
0.8472 3.41024023359835
0.8496 3.37562155617703
0.852 3.34120413695908
0.8544 3.30699130127958
0.8568 3.27298624185859
0.8592 3.23919201961774
0.8616 3.20561156460164
0.864 3.17224767699973
0.8664 3.13910302826423
0.8688 3.10618016231949
0.8712 3.07348149685858
0.8736 3.0410093247223
0.876 3.00876581535652
0.8784 2.97675301634316
0.8808 2.94497285500058
0.8832 2.91342714004902
0.8856 2.8821175633368
0.888 2.85104570162299
0.8904 2.82021301841253
0.8928 2.7896208658396
0.8952 2.75927048659527
0.8976 2.72916301589552
0.9 2.69929948348576
0.9024 2.66968081567814
0.9048 2.64030783741794
0.9072 2.61118127437561
0.9096 2.58230175506082
0.912 2.55366981295537
0.9144 2.5252858886616
0.9168 2.49715033206323
0.9192 2.46926340449549
0.9216 2.44162528092187
0.924 2.41423605211442
0.9264 2.3870957268351
0.9288 2.36020423401551
0.9312 2.33356142493256
0.9336 2.30716707537781
0.936 2.28102088781804
0.9384 2.25512249354513
0.9408 2.22947145481311
0.9432 2.20406726696049
0.9456 2.17890936051604
0.948 2.15399710328635
0.9504 2.12932980242354
0.9528 2.10490670647161
0.9552 2.08072700739003
0.9576 2.05678984255324
0.96 2.03309429672491
0.9624 2.00963940400573
0.9648 1.98642414975374
0.9672 1.96344747247627
0.9696 1.94070826569258
0.972 1.91820537976641
0.9744 1.89593762370774
0.9768 1.87390376694317
0.9792 1.85210254105422
0.9816 1.83053264148323
0.984 1.80919272920624
0.9864 1.78808143237271
0.9888 1.76719734791152
0.9912 1.74653904310327
0.9936 1.72610505711844
0.996 1.7058939025215
0.9984 1.68590406674072
1.0008 1.66613401350371
1.0032 1.64658218423877
1.0056 1.62724699944193
1.008 1.60812686001001
1.0104 1.58922014853955
1.0128 1.57052523059211
1.0152 1.55204045592585
1.0176 1.53376415969382
1.02 1.51569466360911
1.0224 1.49783027707731
1.0248 1.48016929829637
1.0272 1.46271001532446
1.0296 1.44545070711599
1.032 1.42838964452637
1.0344 1.41152509128571
1.0368 1.39485530494206
1.0392 1.3783785377746
1.0416 1.36209303767714
1.044 1.34599704901251
1.0464 1.33008881343824
1.0488 1.31436657070416
1.0512 1.29882855942213
1.0536 1.28347301780881
1.056 1.26829818440164
1.0584 1.25330229874868
1.0608 1.23848360207291
1.0632 1.22384033791137
1.0656 1.20937075272978
1.068 1.19507309651308
1.0704 1.18094562333258
1.0728 1.16698659188998
1.0752 1.15319426603912
1.0776 1.1395669152857
1.08 1.12610281526572
1.0824 1.11280024820296
1.0848 1.09965750334623
1.0872 1.08667287738671
1.0896 1.07384467485607
1.092 1.06117120850575
1.0944 1.0486507996679
1.0968 1.03628177859867
1.0992 1.02406248480401
1.1016 1.01199126734882
1.104 1.00006648514961
1.1064 0.988286507251445
1.1088 0.97664971308934
1.1112 0.965154492734819
1.1136 0.953799247127922
1.116 0.942582388295178
1.1184 0.931502339553957
1.1208 0.920557535703634
1.1232 0.909746423203979
1.1256 0.899067460341193
1.128 0.888519117381981
1.1304 0.878099876716068
1.1328 0.867808232987539
1.1352 0.857642693215384
1.1376 0.847601776903615
1.14 0.837684016141327
1.1424 0.827887955693039
1.1448 0.81821215307968
1.1472 0.808655178650549
1.1496 0.79921561564658
1.152 0.789892060255225
1.1544 0.780683121657289
1.1568 0.771587422066005
1.1592 0.762603596758651
1.1616 0.753730294101006
1.164 0.744966175564924
1.1664 0.736309915739288
1.1688 0.727760202334647
1.1712 0.719315736181752
1.1736 0.710975231224279
1.176 0.702737414505968
1.1784 0.694601026152417
1.1808 0.686564819347781
1.1832 0.678627560306572
1.1856 0.670788028240803
1.188 0.663045015322687
1.1904 0.655397326643076
1.1928 0.647843780165863
1.1952 0.640383206678532
1.1976 0.633014449739044
1.2 0.625736365619232