0 13.4976299935984
0.0024 13.498908054728
0.0048 13.5027427569637
0.0072 13.5091356548398
0.0096 13.5180893325415
0.012 13.5296073937756
0.0144 13.5436944474498
0.0168 13.5603560890179
0.0192 13.5795988773081
0.0216 13.6014303066062
0.024 13.6258587737242
0.0264 13.6528935397362
0.0288 13.6825446860162
0.0312 13.7148230641633
0.0336 13.7497402393458
0.036 13.7873084265432
0.0384 13.8275404191044
0.0408 13.8704495089824
0.0432 13.9160493979419
0.0456 13.9643540989661
0.048 14.0153778270241
0.0504 14.069134878281
0.0528 14.1256394967595
0.0552 14.1849057273794
0.0576 14.2469472542173
0.06 14.3117772227443
0.0624 14.3794080447054
0.0648 14.4498511842185
0.0672 14.5231169235721
0.0696 14.5992141071109
0.072 14.6781498615046
0.0744 14.7599292906007
0.0768 14.8445551429804
0.0792 14.9320274502478
0.0816 15.0223431340154
0.084 15.1154955794814
0.0864 15.2114741734501
0.0888 15.3102638046162
0.0912 15.4118443239312
0.0936 15.5161899628942
0.096 15.6232687076718
0.0984 15.733041627057
0.1008 15.8454621524367
0.1032 15.9604753081551
0.1056 16.0780168909573
0.108 16.198012597571
0.1104 16.3203770999651
0.1128 16.445013068409
0.1152 16.571810143172
0.1176 16.7006438565636
0.12 16.8313745080301
0.1224 16.9638459962195
0.1248 17.0978846133133
0.1272 17.2332978085159
0.1296 17.3698729294074
0.132 17.5073759519112
0.1344 17.6455502119034
0.1368 17.7841151540119
0.1392 17.9227651158907
0.1416 18.0611681692097
0.144 18.1989650417319
0.1464 18.3357681481154
0.1488 18.4711607604198
0.1512 18.6046963526313
0.1536 18.7358981567454
0.156 18.8642589709409
0.1584 18.989241262982
0.1608 19.1102776140377
0.1632 19.2267715493944
0.1656 19.3380988028558
0.168 19.4436090607242
0.1704 19.54262822891
0.1728 19.6344612626753
0.1752 19.7183955925601
0.1776 19.7937051719765
0.18 19.8596551616481
0.1824 19.9155072534417
0.1848 19.960525621228
0.1872 19.99398346934
0.1896 20.0151701302541
0.192 20.0233986427264
0.1944 20.0180137203401
0.1968 19.9983999990014
0.1992 19.963990431224
0.2016 19.9142746760574
0.204 19.8488073172864
0.2064 19.7672157301498
0.2088 19.6692074093093
0.2112 19.5545765690603
0.2136 19.4232098315288
0.216 19.275090830286
0.2184 19.1103035755451
0.2208 18.9290344526364
0.2232 18.731572757122
0.2256 18.518309706684
0.228 18.289735910411
0.2304 18.0464373186634
0.2328 17.7890897194768
0.2352 17.5184518885564
0.2376 17.2353575374732
0.24 16.9407062370192
0.2424 16.6354535184226
0.2448 16.320600373243
0.2472 15.9971823826861
0.2496 15.6662587086447
0.252 15.3289011723144
0.2544 14.9861836324432
0.2568 14.6391718552044
0.2592 14.2889140426052
0.2616 13.9364321576895
0.264 13.5827141540393
0.2664 13.2287071856447
0.2688 12.875311842417
0.2712 12.5233774275761
0.2736 12.1736982667621
0.276 11.8270110156705
0.2784 11.4839929136998
0.2808 11.1452609157371
0.2832 10.811371622781
0.2856 10.4828219244337
0.288 10.1600502620884
0.2904 9.84343842049536
0.2928 9.53331375685751
0.2952 9.22995178020968
0.2976 8.9335789991044
0.3 8.64437596210732
0.3024 8.36248042289297
0.3048 8.08799056946217
0.3072 7.82096826487155
0.3096 7.56144225462286
0.312 7.30941130330733
0.3144 7.06484723009323
0.3168 6.82769781908099
0.3192 6.59788958636653
0.3216 6.37533039082131
0.324 6.15991188011102
0.3264 5.95151176735242
0.3288 5.74999593707984
0.3312 5.55522038190225
0.3336 5.36703297342765
0.336 5.18527507276606
0.3384 5.00978298724932
0.3408 4.8403892809784
0.3432 4.67692394747617
0.3456 4.5192154531343
0.348 4.36709166033858
0.3504 4.22038063917803
0.3528 4.07891137652302
0.3552 3.94251439102719
0.3576 3.81102226229362
0.36 3.68427008206947
0.3624 3.56209583491363
0.3648 3.44434071533638
0.3672 3.33084938794889
0.3696 3.22147019669593
0.372 3.11605532878545
0.3744 3.01446093847916
0.3768 2.91654723547442
0.3792 2.82217854219389
0.3816 2.73122332390587
0.384 2.64355419522908
0.3864 2.55904790622964
0.3888 2.47758531099665
0.3912 2.39905132128494
0.3936 2.32333484753997
0.396 2.25032872936763
0.3984 2.1799296572825
0.4008 2.11203808735804
0.4032 2.04655815021225
0.4056 1.98339755559014
0.408 1.92246749364853
0.4104 1.86368253390894
0.4128 1.80696052271839
0.4152 1.75222247994522
0.4176 1.6993924955364
0.42 1.64839762647291
0.4224 1.59916779457983
0.4248 1.55163568557708
0.4272 1.50573664969383
0.4296 1.46140860411423
0.432 1.41859193747331
0.4344 1.37722941657924
0.4368 1.33726609550019
0.4392 1.29864922712178
0.4416 1.26132817725221
0.444 1.22525434132764
0.4464 1.19038106374907
0.4488 1.15666355986343
0.4512 1.12405884058631
0.4536 1.09252563964996
0.456 1.06202434344936
0.4584 1.03251692344937
0.4608 1.00396687110856
0.4632 0.976339135268565
0.4656 0.94960006195283
0.468 0.923717336514496
0.4704 0.898659928070059
0.4728 0.87439803615302
0.4752 0.850903039520188
0.4776 0.828147447042302
0.48 0.806104850610032
0.4824 0.784749879986491
0.4848 0.764058159537639
0.4872 0.744006266772617
0.4896 0.724571692626969
0.492 0.705732803422843
0.4944 0.687468804441554
0.4968 0.669759705045361
0.4992 0.652586285286897
0.5016 0.635930063946334
0.504 0.619773267938076
0.5064 0.604098803030632
0.5088 0.588890225825011
0.5112 0.574131716938896
0.5136 0.559808055345643
0.516 0.545904593818968
0.5184 0.53240723543599
0.5208 0.519302411093088
0.5232 0.50657705799076
0.5256 0.494218599045403
0.528 0.482214923187591
0.5304 0.47055436650809
0.5328 0.459225694214399
0.5352 0.448218083362182
0.5376 0.437521106327437
0.54 0.42712471498669
0.5424 0.417019225573921
0.5448 0.407195304184237
0.5472 0.397643952895669
0.5496 0.388356496481653
0.552 0.379324569688005
0.5544 0.370540105049353
0.5568 0.361995321221082
0.5592 0.353682711803914
0.5616 0.345595034639303
0.564 0.337725301554749
0.5664 0.33006676853913
0.5688 0.32261292632901
0.5712 0.315357491387748
0.5736 0.308294397260076
0.576 0.301417786285579
0.5784 0.294722001655266
0.5808 0.288201579796148
0.5832 0.281851243069412
0.5856 0.275665892768453
0.588 0.26964060240362
0.5904 0.263770611261184
0.5928 0.258051318224537
0.5952 0.252478275846228
0.5976 0.247047184659947
0.6 0.24175388772205
0.6024 0.236594365372696
0.6048 0.231564730207139
0.6072 0.226661222248109
0.6096 0.221880204310655
0.612 0.217218157551216
0.6144 0.212671677193024
0.6168 0.208237468420339
0.6192 0.203912342434339
0.6216 0.199693212663793
0.624 0.195577091123989
0.6264 0.191561084917642
0.6288 0.187642392871836
0.6312 0.183818302305257
0.6336 0.180086185920297
0.636 0.176443498814795
0.6384 0.172887775608452
0.6408 0.169416627679151
0.6432 0.16602774050464
0.6456 0.162718871105232
0.648 0.159487845583357
0.6504 0.156332556756004
0.6528 0.153250961876246
0.6552 0.150241080440223
0.6576 0.147300992076095
0.66 0.144428834511657
0.6624 0.141622801617428
0.6648 0.138881141522167
0.6672 0.136202154797924
0.6696 0.133584192711823
0.672 0.131025655541915
0.6744 0.128524990954563
0.6768 0.126080692440899
0.6792 0.12369129781003
0.6816 0.121355387736739
0.684 0.119071584361555
0.6864 0.116838549941125
0.6888 0.114654985546928
0.6912 0.112519629810445
0.6936 0.11043125771298
0.696 0.108388679418405
0.6984 0.106390739147174
0.7008 0.104436314089999
0.7032 0.102524313359703
0.7056 0.100653676979745
0.708 0.0988233749080565
0.7104 0.0970324060948245
0.7128 0.0952797975729409
0.7152 0.0935646035798874
0.7176 0.0918859047098658
0.72 0.0902428070950429
0.7224 0.0886344416148173
0.7248 0.0870599631320642
0.7272 0.0855185497553516
0.7296 0.0840094021261678
0.732 0.0825317427302385
0.7344 0.0810848152320307
0.7368 0.0796678838316137
0.7392 0.0782802326430393
0.7416 0.0769211650934665
0.744 0.0755900033422676
0.7464 0.0742860877193952
0.7488 0.0730087761823163
0.7512 0.0717574437908342
0.7536 0.0705314821991621
0.756 0.0693302991646289
0.7584 0.0681533180724189
0.7608 0.0669999774757812
0.7632 0.0658697306511489
0.7656 0.0647620451676509
0.768 0.0636764024704987
0.7704 0.0626122974777675
0.7728 0.061569238190093
0.7752 0.0605467453128424
0.7776 0.0595443518903134
0.78 0.0585616029515492
0.7824 0.0575980551673692
0.7848 0.0566532765182153
0.7872 0.0557268459724594
0.7896 0.0548183531747937
0.792 0.0539273981443698
0.7944 0.0530535909823548
0.7968 0.0521965515885711
0.7992 0.0513559093869269
0.8016 0.0505313030593272
0.804 0.0497223802877867
0.8064 0.0489287975044647
0.8088 0.0481502196493576
0.8112 0.0473863199353897
0.8136 0.0466367796206621
0.816 0.0459012877876135
0.8184 0.0451795411288656
0.8208 0.0444712437395403
0.8232 0.0437761069158195
0.8256 0.0430938489595593
0.828 0.042424194988743
0.8304 0.0417668767535975
0.8328 0.0411216324581794
0.8352 0.0404882065872509
0.8376 0.0398663497382848
0.84 0.0392558184584183
0.8424 0.0386563750862107
0.8448 0.038067787598038
0.8472 0.0374898294589817
0.8496 0.0369222794780704
0.852 0.0363649216677299
0.8544 0.0358175451073103
0.8568 0.0352799438105622
0.8592 0.0347519165969355
0.8616 0.0342332669665785
0.864 0.033723802978928
0.8664 0.0332233371347671
0.8688 0.0327316862616518
0.8712 0.0322486714025965
0.8736 0.0317741177079162
0.876 0.0313078543301333
0.8784 0.0308497143218464
0.8808 0.0303995345364747
0.8832 0.0299571555317887
0.8856 0.0295224214761431
0.888 0.0290951800573227
0.8904 0.0286752823939301
0.8928 0.0282625829492345
0.8952 0.0278569394474029
0.8976 0.0274582127920488
0.9 0.0270662669870218
0.9024 0.0266809690593761
0.9048 0.0263021889844468
0.9072 0.0259297996129769
0.9096 0.0255636766002298
0.912 0.0252036983370273
0.9144 0.0248497458826613
0.9168 0.0245017028996144
0.9192 0.0241594555900493
0.9216 0.023822892633999
0.924 0.0234919051292224
0.9264 0.0231663865326638
0.9288 0.0228462326034821
0.9312 0.0225313413475914
0.9336 0.0222216129636777
0.936 0.0219169497906457
0.9384 0.0216172562564547
0.9408 0.0213224388283008
0.9432 0.0210324059641142
0.9456 0.0207470680653227
0.948 0.0204663374308557
0.9504 0.0201901282123462
0.9528 0.0199183563705005
0.9552 0.0196509396325989
0.9576 0.0193877974510998
0.96 0.0191288509633109
0.9624 0.0188740229521028
0.9648 0.0186232378076299
0.9672 0.0183764214900341
0.9696 0.0181335014931047
0.972 0.0178944068088619
0.9744 0.0176590678930463
0.9768 0.0174274166314821
0.9792 0.0171993863072934
0.9816 0.0169749115689497
0.984 0.0167539283991164
0.9864 0.0165363740842887
0.9888 0.016322187185189
0.9912 0.0161113075079035
0.9936 0.0159036760757414
0.996 0.0156992351017933
0.9984 0.0154979279621735
1.0008 0.0152996991699253
1.0032 0.0151044943495711
1.0056 0.014912260212291
1.008 0.0147229445317131
1.0104 0.0145364961202983
1.0128 0.0143528648063027
1.0152 0.014172001411306
1.0176 0.0139938577282835
1.02 0.0138183865002172
1.0224 0.0136455413992223
1.0248 0.0134752770061794
1.0272 0.0133075487908628
1.0296 0.0131423130925421
1.032 0.0129795271010565
1.0344 0.0128191488383378
1.0368 0.0126611371403809
1.0392 0.0125054516396398
1.0416 0.0123520527478497
1.044 0.0122009016392509
1.0464 0.0120519602342151
1.0488 0.011905191183259
1.0512 0.0117605578514336
1.0536 0.0116180243030829
1.056 0.0114775552869615
1.0584 0.0113391162216998
1.0608 0.0112026731816105
1.0632 0.0110681928828269
1.0656 0.010935642669764
1.068 0.0108049905018937
1.0704 0.0106762049408281
1.0728 0.0105492551377019
1.0752 0.010424110820844
1.0776 0.0103007422837375
1.08 0.0101791203732526
1.0824 0.010059216478151
1.0848 0.00994100251785547
1.0872 0.00982445093147222
1.0896 0.00970953466706791
1.092 0.00959622717118663
1.0944 0.00948450237860742
1.0968 0.00937433470233456
1.0992 0.0092656990238095
1.1016 0.00915857068335059
1.104 0.00905292547080131
1.1064 0.00894873961639298
1.1088 0.00884598978181057
1.1112 0.00874465305145856
1.1136 0.00864470692392161
1.116 0.0085461293036154
1.1184 0.00844889849262336
1.1208 0.00835299318271478
1.1232 0.0082583924475378
1.1256 0.00816507573498782
1.128 0.00807302285974047
1.1304 0.00798221399595132
1.1328 0.0078926296701168
1.1352 0.00780425075408744
1.1376 0.00771705845823667
1.14 0.00763103432478015
1.1424 0.00754616022123624
1.1448 0.00746241833403142
1.1472 0.00737979116224437
1.1496 0.00729826151148397
1.152 0.0072178124879002
1.1544 0.00713842749232479
1.1568 0.00706009021453575
1.1592 0.00698278462764764
1.1616 0.00690649498261999
1.164 0.00683120580288353
1.1664 0.0067569018790811
1.1688 0.0066835682639218
1.1712 0.0066111902671411
1.1736 0.00653975345057102
1.176 0.00646924362331417
1.1784 0.00639964683701786
1.1808 0.00633094938124905
1.1832 0.00626313777896589
1.1856 0.00619619878208637
1.188 0.00613011936714622
1.1904 0.00606488673105124
1.1928 0.0060004882869154
1.1952 0.00593691165998693
1.1976 0.00587414468365917
1.2 0.00581217539556401