0.139206 0.180901854014141
0.196867 0.299173760255272
0.241112 0.340380262070009
0.278413 0.34639831415276
0.311275 0.427975369313189
0.340984 0.492841813977303
0.393735 0.589050703961995
0.417619 0.550042035427412
0.440209 0.654371036224323
0.461695 0.656657340344622
0.482225 0.725958143509141
0.501916 0.720740156582965
0.520862 0.778449325113338
0.556825 0.841520173804544
0.573962 0.844975848408384
0.590602 0.907081704653069
0.606786 0.765975786288068
0.62255 0.882916162726397
0.637924 0.96080124402748
0.652936 0.979921850677162
0.681969 0.997604549478367
0.696032 0.980793750819451
0.709816 0.997632468825721
0.723337 1.00596915614014
0.749649 1.07926543268985
0.762464 1.00904322298636
0.78747 1.05557563645602
0.799679 1.1439182662552
0.811705 1.05043370964494
0.823556 1.02917153752479
0.835238 1.13545681633159
0.846759 1.05507035377457
0.858125 1.22799384714503
0.880418 1.23885205006523
0.891355 1.23894530494127
0.90216 1.22153792813726
0.912837 1.16414464641014
0.92339 1.16504812801873
0.933824 1.25171700894483
0.944143 1.28465709192918
0.96445 1.23648965655377
0.974444 1.34545983508622
0.984337 1.35040773405833
0.994132 1.3743136134487
1.003831 1.28959316800978