0 8.46016535551298
0.0024 8.46017469994321
0.0048 8.4602027467633
0.0072 8.46024953655079
0.0096 8.46031513689945
0.012 8.46039964236608
0.0144 8.46050317439601
0.0168 8.46062588122735
0.0192 8.46076793777405
0.0216 8.46092954548762
0.024 8.46111093219775
0.0264 8.46131235193166
0.0288 8.46153408471235
0.0312 8.46177643633564
0.0336 8.46203973812613
0.036 8.46232434667212
0.0384 8.46263064353939
0.0408 8.46295903496407
0.0432 8.46330995152436
0.0456 8.46368384779147
0.048 8.46408120195952
0.0504 8.46450251545457
0.0528 8.46494831252275
0.0552 8.46541913979762
0.0576 8.46591556584664
0.06 8.4664381806969
0.0624 8.46698759533999
0.0648 8.46756444121622
0.0672 8.46816936967796
0.0696 8.46880305143235
0.072 8.46946617596315
0.0744 8.4701594509319
0.0768 8.4708836015583
0.0792 8.47163936997974
0.0816 8.47242751459009
0.084 8.47324880935752
0.0864 8.4741040431215
0.0888 8.47499401886876
0.0912 8.47591955298822
0.0936 8.47688147450483
0.096 8.4778806242921
0.0984 8.4789178542634
0.1008 8.47999402654174
0.1032 8.48111001260798
0.1056 8.48226669242731
0.108 8.48346495355384
0.1104 8.48470569021307
0.1128 8.48598980236206
0.1152 8.48731819472722
0.1176 8.48869177581916
0.12 8.49011145692476
0.1224 8.49157815107578
0.1248 8.4930927719941
0.1272 8.49465623301294
0.1296 8.49626944597394
0.132 8.4979333200997
0.1344 8.49964876084131
0.1368 8.50141666870062
0.1392 8.50323793802668
0.1416 8.50511345578606
0.144 8.50704410030636
0.1464 8.50903073999272
0.1488 8.5110742320165
0.1512 8.51317542097582
0.1536 8.51533513752728
0.156 8.51755419698833
0.1584 8.51983339790963
0.1608 8.52217352061676
0.1632 8.52457532572076
0.1656 8.52703955259653
0.168 8.52956691782874
0.1704 8.53215811362419
0.1728 8.53481380619011
0.1752 8.5375346340775
0.1776 8.54032120648876
0.18 8.54317410154875
0.1824 8.54609386453856
0.1848 8.54908100609097
0.1872 8.55213600034689
0.1896 8.55525928307178
0.192 8.55845124973122
0.1944 8.56171225352471
0.1968 8.56504260337673
0.1992 8.56844256188417
0.2016 8.57191234321921
0.204 8.57545211098664
0.2064 8.57906197603474
0.2088 8.58274199421876
0.2112 8.58649216411602
0.2136 8.59031242469179
0.216 8.59420265291484
0.2184 8.59816266132209
0.2208 8.60219219553101
0.2232 8.60629093169936
0.2256 8.61045847393112
0.228 8.6146943516279
0.2304 8.61899801678515
0.2328 8.62336884123223
0.2352 8.62780611381593
0.2376 8.63230903752657
0.24 8.63687672656634
0.2424 8.64150820335915
0.2448 8.6462023955018
0.2472 8.65095813265609
0.2496 8.65577414338147
0.252 8.66064905190837
0.2544 8.66558137485197
0.2568 8.67056951786663
0.2592 8.6756117722412
0.2616 8.68070631143556
0.264 8.68585118755899
0.2664 8.69104432779106
0.2688 8.69628353074582
0.2712 8.70156646278064
0.2736 8.70689065425067
0.276 8.7122534957107
0.2784 8.7176522340661
0.2808 8.72308396867472
0.2832 8.72854564740229
0.2856 8.7340340626337
0.288 8.73954584724308
0.2904 8.745077470526
0.2928 8.75062523409719
0.2952 8.75618526775777
0.2976 8.76175352533637
0.3 8.76732578050873
0.3024 8.77289762260088
0.3048 8.77846445238175
0.3072 8.78402147785088
0.3096 8.78956371002813
0.312 8.79508595875217
0.3144 8.80058282849557
0.3168 8.80604871420451
0.3192 8.81147779717185
0.3216 8.81686404095304
0.324 8.82220118733466
0.3264 8.82748275236638
0.3288 8.83270202246749
0.3312 8.83785205062015
0.3336 8.8429256526619
0.336 8.84791540369089
0.3384 8.85281363459823
0.3408 8.85761242874199
0.3432 8.86230361877895
0.3456 8.86687878367042
0.348 8.87132924587947
0.3504 8.87564606877774
0.3528 8.87982005428065
0.3552 8.88384174073092
0.3576 8.88770140105074
0.36 8.89138904118421
0.3624 8.89489439885191
0.3648 8.89820694264078
0.3672 8.90131587145284
0.3696 8.90421011433722
0.372 8.90687833073064
0.3744 8.90930891113206
0.3768 8.91148997823791
0.3792 8.91340938856487
0.3816 8.91505473458766
0.384 8.91641334741967
0.3864 8.91747230006469
0.3888 8.91821841126835
0.3912 8.91863824999781
0.3936 8.91871814057845
0.396 8.91844416851652
0.3984 8.91780218703588
0.4008 8.91677782435745
0.4032 8.91535649174885
0.4056 8.91352339237161
0.408 8.91126353095217
0.4104 8.9085617243022
0.4128 8.90540261271249
0.4152 8.90177067224338
0.4176 8.89765022793301
0.42 8.89302546794314
0.4224 8.88788045866009
0.4248 8.88219916076612
0.4272 8.87596544629428
0.4296 8.8691631166768
0.432 8.8617759217943
0.4344 8.85378758002972
0.4368 8.84518179932753
0.4392 8.83594229925497
0.4416 8.82605283405793
0.444 8.81549721670018
0.4464 8.80425934386971
0.4488 8.79232322193169
0.4512 8.77967299380214
0.4536 8.7662929667116
0.456 8.75216764082258
0.4584 8.73728173865898
0.4608 8.72162023530011
0.4632 8.7051683892861
0.4656 8.68791177417549
0.468 8.66983631069004
0.4704 8.65092829937544
0.4728 8.63117445370119
0.4752 8.61056193351619
0.4776 8.58907837877164
0.48 8.56671194341635
0.4824 8.54345132936451
0.4848 8.51928582043061
0.4872 8.49420531612106
0.4896 8.4682003651676
0.492 8.44126219868312
0.4944 8.413382762817
0.4968 8.38455475078332
0.4992 8.35477163413308
0.5016 8.32402769313887
0.504 8.29231804615925
0.5064 8.25963867784922
0.5088 8.22598646608297
0.5112 8.19135920745576
0.5136 8.15575564123348
0.516 8.11917547162055
0.5184 8.08161938821995
0.5208 8.04308908456333
0.5232 8.0035872745941
0.5256 7.96311770699175
0.528 7.92168517723292
0.5304 7.87929553729157
0.5328 7.83595570288932
0.5352 7.79167365821594
0.5376 7.74645845804968
0.54 7.7003202272179
0.5424 7.65327015734926
0.5448 7.60532050088082
0.5472 7.5564845622952
0.5496 7.50677668657586
0.552 7.45621224488132
0.5544 7.40480761745253
0.5568 7.3525801737805
0.5592 7.29954825007521
0.5616 7.24573112408962
0.564 7.19114898736604
0.5664 7.1358229149848
0.5688 7.07977483290791
0.5712 7.02302748302199
0.5736 6.96560438599681
0.576 6.90752980208605
0.5784 6.84882869000741
0.5808 6.78952666404804
0.5832 6.72964994955021
0.5856 6.6692253369388
0.588 6.60828013445938
0.5904 6.54684211980051
0.5928 6.48493949077832
0.5952 6.42260081526457
0.5976 6.35985498054157
0.6 6.29673114226799
0.6024 6.23325867323959
0.6048 6.16946711212746
0.6072 6.1053861123741
0.6096 6.04104539142399
0.612 5.97647468046116
0.6144 5.91170367482057
0.6168 5.84676198523421
0.6192 5.78167909006534
0.6216 5.71648428867683
0.624 5.65120665607086
0.6264 5.58587499892814
0.6288 5.52051781316553
0.6312 5.45516324312047
0.6336 5.38983904246073
0.636 5.32457253690723
0.6384 5.25939058884702
0.6408 5.19431956390257
0.6432 5.12938529951298
0.6456 5.0646130755717
0.648 5.00002758715508
0.6504 4.93565291936546
0.6528 4.87151252430259
0.6552 4.80762920016752
0.6576 4.74402507249352
0.66 4.68072157748991
0.6624 4.61773944747621
0.6648 4.55509869837605
0.6672 4.49281861923299
0.6696 4.43091776370348
0.672 4.36941394347603
0.6744 4.30832422356007
0.6768 4.24766491938262
0.6792 4.18745159562682
0.6816 4.12769906674212
0.684 4.06842139905276
0.6864 4.00963191438847
0.6888 3.95134319515883
0.6912 3.89356709079141
0.6936 3.83631472545226
0.696 3.77959650696688
0.6984 3.72342213685918
0.7008 3.66780062142663
0.7032 3.61274028376969
0.7056 3.55824877669504
0.708 3.5043330964132
0.7104 3.45099959695242
0.7128 3.39825400521301
0.7152 3.34610143658795
0.7176 3.29454641107801
0.72 3.24359286983208
0.7224 3.19324419204603
0.7248 3.14350321215606
0.7272 3.09437223726548
0.7296 3.04585306474658
0.732 2.99794699996256
0.7344 2.95065487405707
0.7368 2.90397706176234
0.7392 2.85791349917965
0.7416 2.81246370148912
0.744 2.76762678054861
0.7464 2.72340146234446
0.7488 2.67978610425992
0.7512 2.63677871212975
0.7536 2.59437695705208
0.756 2.55257819193165
0.7584 2.51137946773086
0.7608 2.47077754940757
0.7632 2.4307689315209
0.7656 2.39134985348889
0.768 2.35251631448352
0.7704 2.31426408795105
0.7728 2.2765887357475
0.7752 2.23948562188071
0.7776 2.20294992585252
0.78 2.16697665559591
0.7824 2.13156066000354
0.7848 2.09669664104578
0.7872 2.06237916547714
0.7896 2.0286026761318
0.792 1.99536150280953
0.7944 1.96264987275474
0.7968 1.93046192073199
0.7992 1.89879169870242
0.8016 1.86763318510613
0.804 1.83698029375631
0.8064 1.8068268823516
0.8088 1.77716676061354
0.8112 1.74799369805663
0.8136 1.71930143139876
0.816 1.69108367162036
0.8184 1.66333411068068
0.8208 1.6360464279
0.8232 1.60921429601672
0.8256 1.58283138692857
0.828 1.55689137712708
0.8304 1.53138795283463
0.8328 1.50631481485365
0.8352 1.48166568313707
0.8376 1.45743430108972
0.84 1.43361443960971
0.8424 1.41019990087934
0.8448 1.38718452191447
0.8472 1.36456217788165
0.8496 1.34232678519177
0.852 1.32047230437917
0.8544 1.29899274277477
0.8568 1.27788215698179
0.8592 1.25713465516229
0.8616 1.23674439914271
0.864 1.21670560634633
0.8664 1.19701255156033
0.8688 1.17765956854508
0.8712 1.15864105149288
0.8736 1.13995145634332
0.876 1.12158530196212
0.8784 1.1035371711902
0.8808 1.08580171176932
0.8832 1.06837363715077
0.8856 1.05124772719285
0.888 1.03441882875331
0.8904 1.01788185618211
0.8928 1.00163179172005
0.8952 0.985663685808509
0.8976 0.969972657315223
0.9 0.954553893681015
0.9024 0.939402650992052
0.9048 0.924514253982118
0.9072 0.909884095969137
0.9096 0.89550763873005
0.912 0.881380412317943
0.9144 0.867498014825189
0.9168 0.853856112096156
0.9192 0.840450437392909
0.9216 0.827276791017185
0.924 0.814331039891728
0.9264 0.801609117103962
0.9288 0.789107021414835
0.9312 0.776820816735516
0.9336 0.764746631574509
0.936 0.75288065845762
0.9384 0.741219153323083
0.9408 0.729758434894047
0.9432 0.718494884030501
0.9456 0.707424943062617
0.948 0.696545115107371
0.9504 0.68585196337022
0.9528 0.67534211043351
0.9552 0.665012237533186
0.9576 0.654859083825317
0.96 0.644879445643812
0.9624 0.635070175750705
0.9648 0.625428182580208
0.9672 0.615950429477749
0.9696 0.606633933935077
0.972 0.597475766822492
0.9744 0.588473051619161
0.9768 0.579622963642438
0.9792 0.570922729277058
0.9816 0.56236962520497
0.984 0.553960977636608
0.9864 0.545694161544234
0.9888 0.537566599898064
0.9912 0.529575762905733
0.9936 0.521719167255683
0.996 0.513994375364979
0.9984 0.506398994632055
1.0008 0.498930676694795
1.0032 0.491587116694398
1.0056 0.484366052545369
1.008 0.477265264212001
1.0104 0.470282572991635
1.0128 0.463415840805022
1.0152 0.456662969494003
1.0176 0.450021900126763
1.02 0.44349061231087
1.0224 0.437067123514278
1.0248 0.430749488394453
1.0272 0.424535798135792
1.0296 0.41842417979543
1.032 0.412412795657573
1.0344 0.406499842596433
1.0368 0.400683551447849
1.0392 0.394962186389653
1.0416 0.389334044330834
1.044 0.383797454309538
1.0464 0.378350776899919
1.0488 0.372992403627862
1.0512 0.367720756395586
1.0536 0.362534286915107
1.056 0.357431476150546
1.0584 0.352410833769278
1.0608 0.347470897601862
1.0632 0.342610233110727
1.0656 0.337827432867568
1.068 0.3331211160394
1.0704 0.328489927883203
1.0728 0.323932539249102
1.0752 0.319447646092013
1.0776 0.315033968991685
1.08 0.310690252681048
1.0824 0.30641526558281
1.0848 0.302207799354191
1.0872 0.298066668439727
1.0896 0.293990709632054
1.092 0.289978781640571
1.0944 0.286029764667882
1.0968 0.282142559993952
1.0992 0.278316089567837
1.1016 0.274549295606921
1.104 0.270841140203547
1.1064 0.26719060493894
1.1088 0.263596690504323
1.1112 0.260058416329123
1.1136 0.256574820216159
1.116 0.253144957983715
1.1184 0.249767903114391
1.1208 0.246442746410624
1.1232 0.243168595656782
1.1256 0.239944575287721
1.128 0.236769826063706
1.1304 0.233643504751589
1.1328 0.230564783812146
1.1352 0.22753285109346
1.1376 0.224546909530261
1.14 0.221606176849121
1.1424 0.218709885279385
1.1448 0.215857281269766
1.1472 0.213047625210489
1.1496 0.210280191160883
1.152 0.207554266582333
1.1544 0.2048691520765
1.1568 0.202224161128696
1.1592 0.199618619856341
1.1616 0.197051866762397
1.164 0.194523252493687
1.1664 0.192032139604017
1.1688 0.189577902322006
1.1712 0.18715992632353
1.1736 0.184777608508715
1.176 0.18243035678336
1.1784 0.180117589844734
1.1808 0.177838736971652
1.1832 0.175593237818752
1.1856 0.17338054221488
1.188 0.171200109965525
1.1904 0.169051410659207
1.1928 0.166933923477748
1.1952 0.164847137010351
1.1976 0.162790549071412
1.2 0.160763666521989