0.139206 0.627734198848486
0.196867 0.556204158551595
0.241112 0.577327380240305
0.278413 0.533936744104323
0.311275 0.574898279948003
0.340984 0.575721913482401
0.393735 0.566821397775604
0.417619 0.575625340438243
0.440209 0.569161473914482
0.461695 0.578948540303399
0.482225 0.581298886057234
0.501916 0.578571088113385
0.520862 0.583095342269217
0.556825 0.594601191224761
0.573962 0.598601553478515
0.590602 0.600245597396654
0.606786 0.62289579458858
0.62255 0.602865667302907
0.637924 0.609606365967894
0.652936 0.606076538478728
0.681969 0.624737490455314
0.696032 0.620515370708534
0.709816 0.626003155351351
0.723337 0.627788458702298
0.749649 0.641492828161084
0.762464 0.647480389079087
0.78747 0.644316283793156
0.799679 0.642520632311913
0.811705 0.646643870356544
0.823556 0.658525754965786
0.835238 0.655680625843216
0.846759 0.669153127655863
0.858125 0.666402879614388
0.880418 0.679600463571914
0.891355 0.669933961175543
0.90216 0.677776582543867
0.912837 0.675363614861851
0.92339 0.682152908401502
0.933824 0.690102082250447
0.944143 0.694248728220117
0.96445 0.694625641700864
0.974444 0.706785941443566
0.984337 0.710651807041094
0.994132 0.699267751836944
1.003831 0.69484629697383
1.013437 0.69783815640473
1.022953 0.719753058780762
1.041725 0.722374736119875
1.050985 0.722134711602022
1.060164 0.728047605875111
1.069264 0.727135726619618
1.087236 0.741924962967298
1.096112 0.739656798902475
1.113651 0.723719893061083
1.122317 0.749892817752319
1.130917 0.716336801632792
1.139453 0.755470066373552
1.147925 0.732113419549263
1.156335 0.748499004762186
1.164684 0.749027738996281
1.181205 0.747643208133099
1.189379 0.76924688689127
1.197498 0.757077466807499
1.205562 0.770077180389444
1.213573 0.766730054899187
1.221531 0.777849823357092
1.229437 0.775152901422043
1.245099 0.76707786053281
1.252857 0.781557609718335
1.260567 0.771811484616144
1.26823 0.769715258091473
1.275847 0.777879612363819
1.283419 0.781144175454852
1.290946 0.789977640899122
1.305871 0.783021417257004
1.31327 0.801706438996952
1.320627 0.786607546149715
1.327944 0.812605242444146
1.342457 0.788942223798953
1.349655 0.803453112610157
1.363938 0.811344567132327
1.371023 0.803338994102502
1.378072 0.819091817100149
1.385085 0.802321983894377
1.392063 0.815607988062359
1.399006 0.807269440768083
1.405915 0.812178231973551
1.419631 0.827976240216767
1.42644 0.814742935945863
1.433217 0.815575391832671
1.439961 0.820170542245478
1.446675 0.823299276707438
1.453357 0.821283107920131
1.460008 0.826166720766227
1.479783 0.841243201833713
1.486317 0.831840875080573
1.492821 0.816053809118828
1.499298 0.821027945738327
1.505747 0.845750116406431
1.512168 0.834519991677014
1.524929 0.851449060704719
1.53127 0.847815180626814
1.537584 0.847480210914904
1.543873 0.841063097860149
1.556374 0.847877347164442
1.562587 0.83994372319378
1.57494 0.826423701035881
1.58108 0.840913319622621
1.587196 0.846872622507192
1.593289 0.856718082448424
1.599359 0.856088942636457
1.605406 0.863677175541969
1.61143 0.859830280683251
1.623411 0.875765834658506
1.629368 0.854668664837224
1.635304 0.85345776918279
1.641218 0.858342019102135
1.647111 0.86586553244058
1.652983 0.888020692658361
1.658835 0.868928424094489
1.670476 0.872064535282922
1.676266 0.863128005784159
1.682036 0.883657187450943
1.687787 0.876295309427176
1.693518 0.861847791571562
1.69923 0.886856275217777
1.704922 0.879176958651064
1.716251 0.860349810602077
1.721887 0.877200405757433
1.727505 0.876117660181179
1.733105 0.8682230649827
1.74425 0.871873954571659
1.749796 0.872483490191677
1.760836 0.891417698950693
1.76633 0.876061191785317
1.771807 0.894391897907399
1.777267 0.89781951202115
1.782711 0.898809433703047
1.788138 0.877358753841072
1.793548 0.884034105450734
1.80432 0.89718740454882
1.809682 0.886294272123903
1.815028 0.894094755723499
1.820359 0.893036954611073
1.825674 0.898978990939499
1.830973 0.906229759033752
1.836257 0.88865174910211
1.846781 0.890457206194788
1.85202 0.896540835917483
1.857244 0.906949065533788
1.862454 0.902115377501574
1.867649 0.893797778366012
1.87283 0.893816648287083
1.877996 0.893745152017879
1.888286 0.905873363874377
1.893411 0.914000267197638
1.898521 0.908379228385217
1.903618 0.915378148027007
1.913771 0.920418696361291
1.918827 0.90742744787732
1.928899 0.913757451058593
1.933916 0.903151162801435
1.93892 0.913987245507714
1.94391 0.935148770179728
1.948888 0.900796681105831
1.953854 0.910631003829542
1.958807 0.918209530238336
1.968675 0.921467482681826
1.97359 0.918099053685372
1.978494 0.922502310058261
1.983385 0.904057547054334
1.988264 0.918248022319535
1.993131 0.911012093556354
1.997987 0.922602067898439
2.007662 0.913112274390641
2.012482 0.915195545225695
2.017291 0.908605409677809
2.022089 0.914632761602482
2.026875 0.912277647284873
2.031649 0.92978793120314
2.036413 0.923495321077582
2.045907 0.92442292002775
2.050637 0.915916620501532
2.055357 0.923871872161774
2.060065 0.935921179777902
2.069451 0.917809342364498
2.074127 0.926287147935753
2.083449 0.938939411814917
2.088095 0.924023875297555
2.09273 0.936319206919193
2.097355 0.926871938531329
2.101969 0.920644234944354
2.106574 0.934515037387434
2.111168 0.930557976071193
2.120328 0.928360215332407
2.124892 0.938658097430098
2.129447 0.929945283981867
2.133992 0.932132772735977
2.138528 0.933716404498722
2.143054 0.945002450604372
2.147571 0.931664347157016
2.161063 0.934131770547874
2.165542 0.937197774027848
2.170012 0.922839878500943
2.174472 0.951361192880214
2.178924 0.933073231054574
2.183366 0.938219353691746
2.192223 0.942578063868364
2.196639 0.942696788700538
2.201045 0.945450104632506
2.205443 0.933586459880442
2.214212 0.932790860754436
2.218584 0.926277039868725
2.227301 0.923011504796947
2.231647 0.928615955668719
2.235985 0.942065018064067
2.240314 0.935037687770966
2.244634 0.930613440256508
2.248947 0.943836555091283
2.253251 0.938846323577111
2.261835 0.947979699631517
2.266115 0.937844505145216
2.270386 0.947061429279348
2.27465 0.944594298800824
2.278906 0.943351659881206
2.283153 0.94508723042395
2.287393 0.951110340724356
2.295849 0.948889605041018
2.300066 0.95300550077702
2.304275 0.967386814198398
2.308476 0.939896234981217
2.312669 0.945667717483905
2.316855 0.951566115083685
2.321033 0.947883820796151
2.329367 0.953358799543482
2.333523 0.941009560446104
2.337672 0.964276358637629
2.341813 0.946035691715553
2.350073 0.948342385325945
2.354192 0.962420298417175
2.36241 0.946823511807211
2.366507 0.953311999665292
2.370598 0.952321259728439
2.374682 0.953640584587417
2.378759 0.954926695236804
2.382828 0.945269756105519
2.386891 0.945908183280579
2.394996 0.946020650127233
2.399038 0.960017473087339
2.403074 0.948332109240889
2.407102 0.96390102362784
2.411124 0.947492725942367
2.415139 0.957603368127053
2.419148 0.95088665241845
2.427145 0.971632753748563
2.431134 0.951444699406632
2.435116 0.955348401559774
2.439092 0.947239136763006
2.443061 0.956988625765934
2.447024 0.961487665630983
2.45098 0.953606692882129
2.458874 0.960517740593993
2.462811 0.9513701460021
2.466742 0.958079057419947
2.470667 0.946754005114964
2.478498 0.96452539035775
2.482404 0.955026002571276
2.490198 0.957878033367278
2.494086 0.952610062189421
2.497968 0.946042475763515
2.501844 0.955393886156666
2.505714 0.958695210912234
2.509578 0.957995735126519
2.513436 0.956846376459493
2.521134 0.964551898600004
2.524974 0.966110548628006
2.528808 0.954465550395254
2.532637 0.958928271015068
2.53646 0.963223244413819
2.540277 0.963097567440681
2.544088 0.9607516675437
2.551694 0.968250590316334
2.555488 0.963805137090632
2.559277 0.956502710363547
2.56306 0.954295747958836
2.566838 0.958898888230217
2.57061 0.948372315276384
2.574376 0.968262040576005
2.581893 0.964686058750529
2.585643 0.959723038711068
2.589387 0.962428023223142
2.593126 0.95326456278904
2.600589 0.959048527320408
2.604312 0.961229574946121
2.611742 0.970300295141295
2.615449 0.973255281489286
2.619151 0.97154032688708
2.622848 0.958997786711914
2.62654 0.960735961921966
2.630226 0.961373080000067
2.633907 0.972209644693197
2.641254 0.970648645048472
2.64492 0.965661810777704
2.648581 0.961890140664799
2.652237 0.976315148739964
2.655887 0.971388920153318
2.659533 0.960397644915804
2.663174 0.963693064934853
2.674066 0.958872126335475
2.677687 0.969879252942057
2.681303 0.953531968970605
2.684914 0.964873495869631
2.688521 0.975759529676351
2.692122 0.967634153013921
2.699311 0.964182601260486
2.702898 0.963325288178687
2.70648 0.967936370345504
2.710058 0.953330675700178
2.717199 0.965916022193441
2.720763 0.968032436639226
2.727876 0.969099051127138
2.731425 0.98224184066706
2.73497 0.983341589500088
2.738511 0.973358181155549
2.742047 0.971833909943702
2.745578 0.964303037479712
2.749105 0.980710329759075
2.756145 0.980887384021579
2.759658 0.97863272776474
2.763167 0.977056237628558
2.766671 0.977808803684089
2.770171 0.958248505584053
2.773666 0.977420386921785
2.777157 0.970916174678267
2.784126 0.974103605125437