0 9.66412627365752
0.0024 9.66417333747198
0.0048 9.66431457075255
0.0072 9.66455009897649
0.0096 9.6648801311581
0.012 9.66530495967702
0.0144 9.66582496003782
0.0168 9.66644059056092
0.0192 9.66715239200471
0.0216 9.66796098711894
0.024 9.66886708012927
0.0264 9.66987145615301
0.0288 9.67097498054587
0.0312 9.67217859817971
0.0336 9.6734833326512
0.036 9.6748902854212
0.0384 9.67640063488482
0.0408 9.67801563537182
0.0432 9.67973661607734
0.0456 9.68156497992252
0.048 9.68350220234489
0.0504 9.68554983001811
0.0528 9.68770947950062
0.0552 9.68998283581296
0.0576 9.69237165094303
0.06 9.69487774227896
0.0624 9.69750299096868
0.0648 9.70024934020579
0.0672 9.7031187934407
0.0696 9.70611341251623
0.072 9.70923531572676
0.0744 9.71248667579974
0.0768 9.71586971779843
0.0792 9.71938671694451
0.0816 9.72303999635921
0.084 9.72683192472132
0.0864 9.73076491384042
0.0888 9.7348414161434
0.0912 9.73906392207237
0.0936 9.74343495739176
0.096 9.74795708040223
0.0984 9.75263287905887
0.1008 9.75746496799104
0.1032 9.76245598542098
0.1056 9.76760858997788
0.108 9.77292545740441
0.1104 9.77840927715191
0.1128 9.78406274886058
0.1152 9.78988857872067
0.1176 9.79588947571043
0.12 9.80206814770628
0.1224 9.80842729746045
0.1248 9.81496961844106
0.1272 9.82169779052935
0.1296 9.8286144755684
0.132 9.83572231275754
0.1344 9.84302391388611
0.1368 9.85052185840026
0.1392 9.85821868829583
0.1416 9.86611690283021
0.144 9.87421895304575
0.1464 9.88252723609693
0.1488 9.89104408937309
0.1512 9.89977178440839
0.1536 9.90871252057007
0.156 9.91786841851597
0.1584 9.92724151341175
0.1608 9.93683374789799
0.1632 9.94664696479714
0.1656 9.95668289954962
0.168 9.96694317236837
0.1704 9.97742928010076
0.1728 9.98814258778625
0.1752 9.9990843198982
0.1776 10.0102555512577
0.18 10.0216571976073
0.1824 10.0332900058316
0.1848 10.0451545438129
0.1872 10.0572511899079
0.1896 10.0695801220331
0.192 10.082141306345
0.1944 10.0949344855031
0.1968 10.1079591665005
0.1992 10.1212146080504
0.2016 10.1346998075143
0.204 10.14841348736
0.2064 10.1623540811345
0.2088 10.1765197189418
0.2112 10.1909082124115
0.2136 10.2055170391474
0.216 10.2203433266452
0.2184 10.2353838356684
0.2208 10.2506349430738
0.2232 10.2660926240773
0.2256 10.2817524339531
0.228 10.2976094891611
0.2304 10.3136584478962
0.2328 10.3298934900592
0.2352 10.3463082966463
0.2376 10.3628960285601
0.24 10.3796493048453
0.2424 10.3965601803552
0.2448 10.4136201228592
0.2472 10.4308199896037
0.2496 10.4481500033418
0.252 10.4655997278533
0.2544 10.4831580429787
0.2568 10.5008131191964
0.2592 10.5185523917772
0.2616 10.5363625345562
0.264 10.5542294333667
0.2664 10.5721381591899
0.2688 10.5900729410765
0.2712 10.6080171389091
0.2736 10.6259532160778
0.276 10.643862712151
0.2784 10.6617262156342
0.2808 10.6795233369158
0.2832 10.6972326815108
0.2856 10.7148318237235
0.288 10.7322972808611
0.2904 10.7496044881402
0.2928 10.7667277744428
0.2952 10.7836403390877
0.2976 10.8003142297978
0.3 10.8167203220561
0.3024 10.8328283000562
0.3048 10.8486066394674
0.3072 10.8640225922461
0.3096 10.8790421737423
0.312 10.8936301523577
0.3144 10.9077500420321
0.3168 10.9213640978411
0.3192 10.9344333150032
0.3216 10.9469174316069
0.324 10.9587749353757
0.3264 10.9699630748
0.3288 10.9804378749727
0.3312 10.9901541584697
0.3336 10.9990655716229
0.336 11.007124616533
0.3384 11.0142826891686
0.3408 11.0204901238966
0.3432 11.0256962447787
0.3456 11.0298494239613
0.348 11.0328971474686
0.3504 11.034786088694
0.3528 11.0354621898567
0.3552 11.0348707516684
0.3576 11.0329565314156
0.36 11.0296638496311
0.3624 11.0249367054779
0.3648 11.0187189009257
0.3672 11.0109541737395
0.3696 11.0015863392419
0.372 10.9905594407432
0.3744 10.9778179084612
0.3768 10.9633067266747
0.3792 10.9469716087736
0.3816 10.9287591797792
0.384 10.908617165821
0.3864 10.8864945899601
0.3888 10.8623419736531
0.3912 10.8361115430557
0.3936 10.8077574392639
0.396 10.7772359314985
0.3984 10.7445056321401
0.4008 10.7095277124359
0.4032 10.6722661176107
0.4056 10.632687780039
0.408 10.5907628290639
0.4104 10.5464647959901
0.4128 10.4997708127288
0.4152 10.4506618025389
0.4176 10.3991226612864
0.42 10.3451424276428
0.4224 10.2887144406521
0.4248 10.2298364831287
0.4272 10.1685109093974
0.4296 10.1047447559532
0.432 10.0385498337084
0.4344 9.9699428005977
0.4368 9.89894521343882
0.4392 9.82558355808788
0.4416 9.74988925708614
0.444 9.67189865416945
0.4464 9.59165297519696
0.4488 9.50919826525297
0.4512 9.42458530188055
0.4536 9.33786948461656
0.456 9.24911070121088
0.4584 9.15837317112577
0.4608 9.06572526712115
0.4632 8.97123931593493
0.4656 8.87499137926147
0.468 8.77706101641333
0.4704 8.67753103021796
0.4728 8.57648719785078
0.4752 8.4740179884362
0.4776 8.37021426935661
0.48 8.26516900329566
0.4824 8.15897693810435
0.4848 8.05173429161653
0.4872 7.9435384335536
0.4896 7.83448756664796
0.492 7.72468040907972
0.4944 7.61421588026494
0.4968 7.50319279195513
0.4992 7.39170954651042
0.5016 7.27986384409414
0.504 7.16775240040571
0.5064 7.05547067642649
0.5088 6.94311262149892
0.5112 6.83077043089851
0.5136 6.71853431889093
0.516 6.60649230809717
0.5184 6.49473003581933
0.5208 6.38333057781115
0.5232 6.27237428981303
0.5256 6.1619386670121
0.528 6.05209822143696
0.5304 5.9429243771536
0.5328 5.83448538299723
0.5352 5.72684624245255
0.5376 5.62006866018621
0.54 5.51421100463714
0.5424 5.40932828598586
0.5448 5.30547214875162
0.5472 5.20269087820637
0.5496 5.10102941974663
0.552 5.00052941032882
0.5544 4.90122922104821
0.5568 4.80316400992771
0.5592 4.70636578397757
0.5616 4.61086346959164
0.564 4.51668299035765
0.5664 4.4238473513785
0.5688 4.332376729227
0.5712 4.24228856668751
0.5736 4.15359767147334
0.576 4.06631631814796
0.5784 3.98045435252007
0.5808 3.8960192978271
0.5832 3.81301646206707
0.5856 3.73144904588593
0.588 3.65131825047403
0.5904 3.5726233849726
0.5928 3.49536197293715
0.5952 3.41952985744986
0.5976 3.34512130451736
0.6 3.27212910443203
0.6024 3.20054467081611
0.6048 3.13035813710594
0.6072 3.06155845027041
0.6096 2.99413346159172
0.612 2.92807001436868
0.6144 2.86335402843225
0.6168 2.79997058139059
0.6192 2.73790398654584
0.6216 2.67713786744788
0.624 2.61765522907103
0.6264 2.55943852561819
0.6288 2.50246972497396
0.6312 2.44673036984249
0.6336 2.39220163561954
0.636 2.33886438505884
0.6384 2.28669921980308
0.6408 2.23568652885793
0.6432 2.1858065340944
0.6456 2.13703933287069
0.648 2.08936493786892
0.6504 2.04276331424595
0.6528 1.99721441419991
0.6552 1.95269820905552
0.6576 1.90919471897276
0.66 1.86668404038316
0.6624 1.82514637125791
0.6648 1.78456203431118
0.6672 1.74491149824048
0.6696 1.7061753971044
0.672 1.66833454793589
0.6744 1.63136996668682
0.6768 1.59526288259732
0.6792 1.55999475108007
0.6816 1.52554726520743
0.684 1.49190236588564
0.6864 1.45904225079778
0.6888 1.42694938219341
0.6912 1.39560649360023
0.6936 1.36499659552927
0.696 1.33510298024234
0.6984 1.30590922564721
0.7008 1.27739919838261
0.7032 1.24955705615243
0.7056 1.22236724936519
0.708 1.19581452213204
0.7104 1.16988391267369
0.7128 1.14456075318389
0.7152 1.11983066919429
0.7176 1.09567957848311
0.72 1.07209368956749
0.7224 1.04905949981681
0.7248 1.02656379322238
0.7272 1.0045936378562
0.7296 0.983136383049941
0.732 0.962179656322754
0.7344 0.941711360085077
0.7368 0.921719668143495
0.7392 0.902193022030115
0.7416 0.883120127178275
0.744 0.864489948964866
0.7464 0.846291708638049
0.7488 0.828514879147813
0.7512 0.811149180895523
0.7536 0.794184577417331
0.756 0.777611271015205
0.7584 0.761419698348283
0.7608 0.745600525996126
0.7632 0.730144646004624
0.7656 0.715043171424309
0.768 0.700287431850029
0.7704 0.685868968970154
0.7728 0.671779532132736
0.7752 0.658011073935366
0.7776 0.644555745844815
0.78 0.631405893851984
0.7824 0.618554054167085
0.7848 0.605992948959487
0.7872 0.593715482146196
0.7896 0.581714735232421
0.792 0.569983963207366
0.7944 0.558516590497913
0.7968 0.547306206982554
0.7992 0.536346564067601
0.8016 0.525631570827384
0.804 0.515155290209857
0.8064 0.504911935308835
0.8088 0.494895865703765
0.8112 0.485101583867775
0.8136 0.475523731644534
0.816 0.466157086794275
0.8184 0.45699655960913
0.8208 0.448037189597863
0.8232 0.439274142239826
0.8256 0.430702705807974
0.828 0.422318288260531
0.8304 0.414116414200913
0.8328 0.406092721905322
0.8352 0.398242960417434
0.8376 0.390562986709445
0.84 0.383048762908746
0.8424 0.375696353589389
0.8448 0.368501923127489
0.8472 0.361461733119634
0.8496 0.354572139863373
0.852 0.347829591898768
0.8544 0.341230627610022
0.8568 0.33477187288614
0.8592 0.328450038839563
0.8616 0.322261919581701
0.864 0.3162043900543
0.8664 0.310274403915541
0.8688 0.304468991479767
0.8712 0.298785257709757
0.8736 0.293220380260437
0.876 0.287771607572936
0.8784 0.28243625701789
0.8808 0.277211713086911
0.8832 0.272095425631137
0.8856 0.267084908145798
0.888 0.262177736099737
0.8904 0.257371545308825
0.8928 0.252664030352256
0.8952 0.24805294303068
0.8976 0.243536090865166
0.9 0.239111335636022
0.9024 0.234776591960456
0.9048 0.23052982590816
0.9072 0.22636905365383
0.9096 0.222292340165719
0.912 0.218297797929303
0.9144 0.214383585705158
0.9168 0.210547907320185
0.9192 0.206789010491306
0.9216 0.203105185680804
0.924 0.19949476498247
0.9264 0.195956121037762
0.9288 0.192487665981173
0.9312 0.189087850414045
0.9336 0.185755162406078
0.936 0.182488126523786
0.9384 0.179285302885186
0.9408 0.176145286240016
0.9432 0.173066705074799
0.9456 0.170048220742079
0.948 0.167088526613176
0.9504 0.164186347253823
0.9528 0.161340437622066
0.9552 0.158549582287818
0.9576 0.155812594673479
0.96 0.153128316315042
0.9624 0.150495616143129
0.9648 0.147913389783416
0.9672 0.145380558875891
0.9696 0.142896070412464
0.972 0.140458896092389
0.9744 0.138068031695033
0.9768 0.135722496469495
0.9792 0.133421332540626
0.9816 0.131163604330981
0.984 0.128948397998282
0.9864 0.126774820887939
0.9888 0.124642001000234
0.9912 0.122549086471755
0.9936 0.120495245070674
0.996 0.118479663705508
0.9984 0.116501547946968
1.0008 0.114560121562547
1.0032 0.112654626063486
1.0056 0.110784320263786
1.008 0.108948479850916
1.0104 0.107146396967906
1.0128 0.105377379806509
1.0152 0.103640752211117
1.0176 0.101935853293144
1.02 0.100262037055575
1.0224 0.0986186720274096
1.0248 0.0970051409077266
1.0272 0.0954208402190953
1.0296 0.0938651799700788
1.032 0.0923375833265894
1.0344 0.0908374862918321
1.0368 0.0893643373946166
1.0392 0.0879175973857987
1.0416 0.086496738942632
1.044 0.0851012463808056
1.0464 0.0837306153739642
1.0488 0.082384352680504
1.0512 0.0810619758774371
1.0536 0.0797630131011432
1.056 0.0784870027948081
1.0584 0.0772334934623762
1.0608 0.0760020434288289
1.0632 0.0747922206066293
1.0656 0.0736036022681497
1.068 0.072435774823933
1.0704 0.0712883336066193
1.0728 0.0701608826603908
1.0752 0.0690530345357799
1.0776 0.0679644100896984
1.08 0.0668946382905462
1.0824 0.0658433560282588
1.0848 0.0648102079291672
1.0872 0.0637948461755332
1.0896 0.0627969303296362
1.092 0.0618161271622936
1.0944 0.0608521104856894
1.0968 0.0599045609903973
1.0992 0.0589731660864909
1.1016 0.0580576197486235
1.104 0.0571576223649759
1.1064 0.056272880589972
1.1088 0.0554031072006537
1.1112 0.0545480209566257
1.1136 0.0537073464634713
1.116 0.0528808140395482
1.1184 0.0520681595860733
1.1208 0.0512691244604122
1.1232 0.0504834553524875
1.1256 0.0497109041642221
1.128 0.0489512278919403
1.1304 0.0482041885116481
1.1328 0.0474695528671121
1.1352 0.0467470925606793
1.1376 0.0460365838467411
1.14 0.0453378075277952
1.1424 0.0446505488530292
1.1448 0.0439745974193547
1.1472 0.0433097470748368
1.1496 0.0426557958244553
1.152 0.0420125457381288
1.1544 0.0413798028609557
1.1568 0.0407573771256086
1.1592 0.0401450822668213
1.1616 0.0395427357379262
1.164 0.0389501586293788
1.1664 0.0383671755892263
1.1688 0.0377936147454622
1.1712 0.0372293076302292
1.1736 0.0366740891058122
1.176 0.0361277972923835
1.1784 0.0355902734974524
1.1808 0.0350613621469769
1.1832 0.0345409107180939
1.1856 0.0340287696734293
1.188 0.0335247923969469
1.1904 0.0330288351312948
1.1928 0.0325407569166159
1.1952 0.032060419530785
1.1976 0.0315876874310314
1.2 0.0311224276969191