0.139206 0.618072307700564
0.196867 0.538522136188982
0.241112 0.550686617823701
0.278413 0.500454022558031
0.311275 0.528963057840067
0.340984 0.520576643093215
0.393735 0.495094142237732
0.417619 0.492117955469027
0.440209 0.477101402258535
0.461695 0.477282195501021
0.482225 0.468977749225956
0.501916 0.45831946661351
0.520862 0.453001218154185
0.556825 0.444798904497052
0.573962 0.438794435386402
0.590602 0.431291338796979
0.606786 0.439955382356076
0.62255 0.416964748773622
0.637924 0.413066782731747
0.652936 0.401158041418842
0.681969 0.395891320661029
0.696032 0.386789655299308
0.709816 0.382536020016626
0.723337 0.374788857269782
0.749649 0.37037329194334
0.762464 0.366635569165525
0.78747 0.351382860038093
0.799679 0.343436276398873
0.811705 0.336943908440451
0.823556 0.337381360765678
0.835238 0.328450636746705
0.846759 0.331283307199232
0.858125 0.322480957408646
0.880418 0.317787565080755
0.891355 0.306014313078056
0.90216 0.305164978172546
0.912837 0.298265491570569
0.92339 0.2961988543378
0.933824 0.29621292138093
0.944143 0.290644394349301
0.96445 0.280997446784899
0.974444 0.278687516133181
0.984337 0.27515973719626
0.994132 0.264734803809332
1.003831 0.261218470194955
1.013437 0.255769100120282
1.022953 0.260194405114366
1.041725 0.25016322291097
1.050985 0.248919585059999
1.060164 0.243354372736281
1.069264 0.239088404328708
1.087236 0.238278795362534
1.096112 0.233451419757563
1.113651 0.220987613980248
1.122317 0.224738814339956
1.130917 0.210916274121228
1.139453 0.219950035066237
1.147925 0.209325133075598
1.156335 0.207289504533453
1.164684 0.207109649918491
1.181205 0.199809162634667
1.189379 0.201929985442054
1.197498 0.196578842196302
1.205562 0.198288296818134
1.213573 0.193055801415565
1.221531 0.192926617957055
1.229437 0.18853049999446
1.245099 0.181755870439056
1.252857 0.180289277851094
1.260567 0.177674866986387
1.26823 0.173742262871716
1.275847 0.174967793727582
1.283419 0.16976912600077
1.290946 0.170994999262114
1.305871 0.164963037051008
1.31327 0.167678074080889
1.320627 0.161598384918258
1.327944 0.164418520287727
1.342457 0.15356543008954
1.349655 0.151623260700449
1.363938 0.154571916227982
1.371023 0.149703883726773
1.378072 0.150320432600953
1.385085 0.14230498259926
1.392063 0.144710143720883
1.399006 0.141184519561778
1.405915 0.143266297280733
1.419631 0.138060631824151
1.42644 0.135247615897104
1.433217 0.131549505893119
1.439961 0.1329271101721
1.446675 0.13026280373067
1.453357 0.127445832814098
1.460008 0.129581709544519
1.479783 0.124907137788934
1.486317 0.121788504084983
1.492821 0.118281954226559
1.499298 0.116932909279176
1.505747 0.119752364207684
1.512168 0.116980517261879
1.524929 0.117312496203649
1.53127 0.113734043301491
1.537584 0.11435994188875
1.543873 0.111481876953254
1.556374 0.10988188830741
1.562587 0.107283491573861
1.57494 0.10302000390788
1.58108 0.102920575516872
1.587196 0.101522158098512
1.593289 0.102629644458879
1.599359 0.102686865905959
1.605406 0.104087067064168
1.61143 0.0985698406125681
1.623411 0.0980981118237412
1.629368 0.0937152642783614
1.635304 0.0959601216285123
1.641218 0.0944043236726705
1.647111 0.0947999796960399
1.652983 0.0954167832897707
1.658835 0.0928648378654778
1.670476 0.0927623666109401
1.676266 0.08800261582218
1.682036 0.0883274885375497
1.687787 0.0872394754392877
1.693518 0.0870206033668924
1.69923 0.0893634496385923
1.704922 0.086439992651746
1.716251 0.082740024479756
1.721887 0.0829068683970674
1.727505 0.0844958740443439
1.733105 0.0800367942352303
1.74425 0.0772543322787752
1.749796 0.0782903473432806
1.760836 0.0767267785146026
1.76633 0.0718238313990797
1.771807 0.0768480581970495
1.777267 0.0766374926244071
1.782711 0.0744241726940908
1.788138 0.0763049167529412
1.793548 0.0750103515988571
1.80432 0.0723760242891264
1.809682 0.0717951937416395
1.815028 0.0719350298865674
1.820359 0.0712015771235433
1.825674 0.0695236231912275
1.830973 0.0693744036508349
1.836257 0.0685662691501207
1.846781 0.0670722827041218
1.85202 0.0686725419709512
1.857244 0.0672279941662379
1.862454 0.066168432113179
1.867649 0.0653882713885552
1.87283 0.0656302602149938
1.877996 0.0663512180956501
1.888286 0.0614137992319139
1.893411 0.060878922390975
1.898521 0.0606480415273186
1.903618 0.0654682231429173
1.913771 0.0616954400400835
1.918827 0.0618124934086768
1.928899 0.0601419722652029
1.933916 0.0573266058093628
1.93892 0.0571281388140722
1.94391 0.0593271378396822
1.948888 0.0545697795279183
1.953854 0.0582193097729708
1.958807 0.0572841391307505
1.968675 0.0546857947063148
1.97359 0.0542125985714111
1.978494 0.0528816547882721
1.983385 0.0528862808545514
1.988264 0.0548696837705369
1.993131 0.0504370426864667
1.997987 0.0531748939096661
2.007662 0.0523927512003437
2.012482 0.051555182376493
2.017291 0.0520366419444138
2.022089 0.0514383272395653
2.026875 0.049490258108898
2.031649 0.0495819515578951
2.036413 0.0486992713606123
2.045907 0.050363032289291
2.050637 0.0475365060151335
2.055357 0.0472311118865916
2.060065 0.0463591911360128
2.069451 0.0449114067172877
2.074127 0.0491288987958008
2.083449 0.0463112368340617
2.088095 0.0465232317799721
2.09273 0.0441443009653257
2.097355 0.0451052896669558
2.101969 0.0461448259517066
2.106574 0.0445232150473898
2.111168 0.0448849085336778
2.120328 0.0442534500331048
2.124892 0.0413124327087084
2.129447 0.0424006561639311
2.133992 0.0413000984281242
2.138528 0.0427059062586471
2.143054 0.0433225310777499
2.147571 0.0420612617295978
2.161063 0.0374835808181308
2.165542 0.0378533526034786
2.170012 0.0400530125729205
2.174472 0.0423854002036239
2.178924 0.0406710687425343
2.183366 0.0373580906942017
2.192223 0.0383238568189511
2.196639 0.0388184257599091
2.201045 0.038110287932759
2.205443 0.0387313107393019
2.214212 0.0359843177939292
2.218584 0.0351754984621296
2.227301 0.0336914522226349
2.231647 0.0365785853329245
2.235985 0.0361122600066154
2.240314 0.0344802083291726
2.244634 0.0338543420285328
2.248947 0.0370285980065261
2.253251 0.0344326254385762
2.261835 0.0333220120832186
2.266115 0.0337688684430618
2.270386 0.0347171863279676
2.27465 0.0317831144066628
2.278906 0.0352952247128395
2.283153 0.0341453134408947
2.287393 0.0337060859127214
2.295849 0.0335704546080817
2.300066 0.0341985239118189
2.304275 0.0333972908870667
2.308476 0.0339173457471458
2.312669 0.0310254162024978
2.316855 0.0317181325697891
2.321033 0.0307358464522077
2.329367 0.0322175068745116
2.333523 0.030777356674658
2.337672 0.0298506931711911
2.341813 0.030501966125208
2.350073 0.031776569553759
2.354192 0.030275273422832
2.36241 0.0319430061701581
2.366507 0.0308048776186382
2.370598 0.0285438964820808
2.374682 0.0314116921275526
2.378759 0.0281705932775481
2.382828 0.0291147462083991
2.386891 0.0281688458939873
2.394996 0.0300834864514425
2.399038 0.0272551257455987
2.403074 0.0289196488488338
2.407102 0.0269701608278042
2.411124 0.0297939651337507
2.415139 0.0285406613093523
2.419148 0.0281351212142988
2.427145 0.027401560535755
2.431134 0.0239824282225404
2.435116 0.0276822917060185
2.439092 0.0267971045887266
2.443061 0.0270630176425408
2.447024 0.0252507834750594
2.45098 0.0279848440365584
2.458874 0.0254389094615027
2.462811 0.0242410522843315
2.466742 0.0262263836281731
2.470667 0.0236027120150945
2.478498 0.0245408030461654
2.482404 0.0234286669344955
2.490198 0.0233309771763079
2.494086 0.0244570838350143
2.497968 0.0262585669460428
2.501844 0.0215257257840499
2.505714 0.0256044393869216
2.509578 0.0233129256958474
2.513436 0.025872110633742
2.521134 0.0245245299292152
2.524974 0.022230907904997
2.528808 0.0220976806078852
2.532637 0.0231024403591162
2.53646 0.023827543868582
2.540277 0.02114525433016
2.544088 0.0211275093989811
2.551694 0.0223018487551882
2.555488 0.0220757285169238
2.559277 0.0207549189246741
2.56306 0.0227917648656648
2.566838 0.0218306137584093
2.57061 0.0212237731232678
2.574376 0.0222153707009709
2.581893 0.0221603441733628
2.585643 0.0198959801278811
2.589387 0.0217590000658895
2.593126 0.0210675745949757
2.600589 0.020510688680557
2.604312 0.0200563797423159
2.611742 0.0221680583929773
2.615449 0.0201856096836638
2.619151 0.0190465027352653
2.622848 0.0188316842421449
2.62654 0.0204883484473407
2.630226 0.0179748366436605
2.633907 0.0227094110471265
2.641254 0.0192355216716027
2.64492 0.0219660950732717
2.648581 0.0188445532514293
2.652237 0.0206892529794683
2.655887 0.0172354183841903
2.659533 0.0158361146989225
2.663174 0.0151401752435366
2.674066 0.0192712322216409
2.677687 0.0187645645816471
2.681303 0.0208163854884899
2.684914 0.0172948191183303
2.688521 0.0182188609403929
2.692122 0.0185360686510026
2.699311 0.0177465019240956
2.702898 0.020093822180499
2.70648 0.017925879229713
2.710058 0.0156700539532875
2.717199 0.0187206895926699
2.720763 0.0149412427243909
2.727876 0.0164491218612265
2.731425 0.0155123985427813
2.73497 0.0167519969784882
2.738511 0.0165666562134892
2.742047 0.0169921630142787
2.745578 0.0164294775530994
2.749105 0.0155966573146815
2.756145 0.0187642817055297
2.759658 0.0163081855464583
2.763167 0.0184228081687597
2.766671 0.0136712067268069
2.770171 0.0154565826095851
2.773666 0.0156521237933902
2.777157 0.0160317655381618
2.784126 0.0144675971343138