0.000000000000000000e+00
5.000000000000000512e-17
1.000000000000000102e-16
1.500000000000000215e-16
2.000000000000000205e-16
2.500000000000000194e-16
3.000000000000000430e-16
3.500000000000000173e-16
4.000000000000000409e-16
4.500000000000000152e-16
5.000000000000000389e-16
5.500000000000000625e-16
6.000000000000000861e-16
6.500000000000001097e-16
7.000000000000000347e-16
7.500000000000000583e-16
8.000000000000000819e-16
8.500000000000001055e-16
9.000000000000000305e-16
9.500000000000000541e-16
1.000000000000000078e-15
2.000000000000000155e-15
3.000000000000000233e-15
4.000000000000000311e-15
5.000000000000000783e-15
6.000000000000001255e-15
7.000000000000000150e-15
8.000000000000000622e-15
9.000000000000001094e-15
1.000000000000000157e-14
1.100000000000000204e-14
1.200000000000000093e-14
1.300000000000000140e-14
1.400000000000000188e-14
1.499999999999999919e-14
1.600000000000000124e-14
1.700000000000000014e-14
1.799999999999999903e-14
1.900000000000000108e-14
1.999999999999999998e-14
2.100000000000000203e-14
2.200000000000000092e-14
2.299999999999999982e-14
2.400000000000000186e-14
2.500000000000000076e-14
2.599999999999999965e-14
2.700000000000000170e-14
2.800000000000000060e-14
2.900000000000000265e-14
3.000000000000000470e-14
3.100000000000000675e-14
3.200000000000000249e-14
3.300000000000000454e-14
3.400000000000000659e-14
3.500000000000000233e-14
3.600000000000000438e-14
3.700000000000000642e-14
3.800000000000000216e-14
3.900000000000000421e-14
4.000000000000000626e-14
4.100000000000000831e-14
4.200000000000000405e-14
4.300000000000000610e-14
4.400000000000000815e-14
4.500000000000000389e-14
4.600000000000000594e-14
4.700000000000000799e-14
4.800000000000000373e-14
4.900000000000000578e-14
5.000000000000000783e-14
5.100000000000000357e-14
5.200000000000000562e-14
5.300000000000000767e-14
5.400000000000000341e-14
5.500000000000000546e-14
5.600000000000000751e-14
5.699999999999999694e-14
5.800000000000000530e-14
5.900000000000000103e-14
5.999999999999999677e-14
6.100000000000000513e-14
6.200000000000000087e-14
6.299999999999999661e-14
6.400000000000000497e-14
6.500000000000000071e-14
6.599999999999999645e-14
6.700000000000000481e-14
6.800000000000000055e-14
6.899999999999999629e-14
7.000000000000000465e-14
7.100000000000000039e-14
7.199999999999999613e-14
7.300000000000000449e-14
7.400000000000000023e-14
7.499999999999999597e-14
7.600000000000000433e-14
7.700000000000000007e-14
7.799999999999999581e-14
7.900000000000000417e-14
7.999999999999999991e-14
8.100000000000000827e-14
8.200000000000000401e-14
8.299999999999999974e-14
8.400000000000000810e-14
8.500000000000000384e-14
8.599999999999999958e-14
8.700000000000000794e-14
8.800000000000000368e-14
8.899999999999999942e-14
9.000000000000000778e-14
9.100000000000000352e-14
9.199999999999999926e-14
9.300000000000000762e-14
9.400000000000000336e-14
9.499999999999999910e-14
9.600000000000000746e-14
9.700000000000000320e-14
9.799999999999999894e-14
9.900000000000000730e-14
1.000000000000000030e-13
